6	0
7	0
21	0
22	0
23	0
24	0
25	0
27	0
28	0
30	0
31	0
32	0
36	0
38	0
39	0
40	0
41	0
42	0
48	0
69	0
70	0
74	0
75	0
78	0
79	0
81	0
82	0
83	0
84	0
88	0
94	0
95	0
96	0
97	0
100	0
103	0
104	0
105	0
106	0
107	0
108	0
109	0
110	0
112	0
114	0
118	0
122	0
124	0
130	0
131	0
134	0
136	0
137	0
138	0
139	0
145	0
146	0
147	0
150	0
155	0
158	0
159	0
162	0
167	0
169	0
170	0
172	0
179	0
180	0
185	0
190	0
230	0
231	0
241	0
244	0
245	0
251	0
253	0
255	0
259	0
272	0
279	0
281	0
284	0
285	0
287	0
290	0
293	0
294	0
295	0
297	0
298	0
300	0
301	0
302	0
303	0
304	0
305	0
308	0
315	0
316	0
319	0
320	0
323	0
327	0
330	0
331	0
332	0
335	0
337	0
344	0
345	0
347	0
351	0
353	0
354	0
355	0
356	0
357	0
359	0
361	0
362	0
363	0
364	0
366	0
367	0
368	0
379	0
386	0
387	0
391	0
397	0
398	0
407	0
408	0
417	0
419	0
425	0
428	0
429	0
431	0
433	0
435	0
437	0
438	0
439	0
444	0
454	0
457	0
458	0
459	0
460	0
462	0
463	0
465	0
467	0
468	0
470	0
471	0
472	0
473	0
484	0
485	0
486	0
487	0
488	0
489	0
490	0
492	0
493	0
494	0
495	0
496	0
497	0
498	0
499	0
501	0
502	0
503	0
505	0
506	0
508	0
509	0
511	0
512	0
513	0
515	0
521	0
530	0
545	0
552	0
554	0
562	0
565	0
566	0
568	0
570	0
577	0
584	0
585	0
626	0
628	0
629	0
631	0
633	0
634	0
638	0
643	0
646	0
647	0
648	0
655	0
657	0
658	0
659	0
661	0
662	0
664	0
666	0
671	0
672	0
676	0
682	0
685	0
701	0
703	0
704	0
705	0
709	0
712	0
713	0
714	0
715	0
716	0
717	0
718	0
719	0
722	0
725	0
734	0
735	0
738	0
741	0
747	0
749	0
753	0
758	0
760	0
762	0
766	0
767	0
768	0
769	0
770	0
772	0
776	0
782	0
783	0
784	0
785	0
790	0
793	0
796	0
802	0
803	0
809	0
811	0
812	0
816	0
820	0
823	0
824	0
825	0
826	0
827	0
828	0
829	0
830	0
831	0
832	0
833	0
845	0
850	0
851	0
852	0
853	0
854	0
855	0
856	0
873	0
874	0
879	0
889	0
890	0
891	0
892	0
893	0
894	0
896	0
897	0
898	0
899	0
900	0
914	0
929	0
932	0
933	0
934	0
935	0
936	0
937	0
939	0
940	0
942	0
943	0
951	0
952	0
953	0
957	0
961	0
962	0
963	0
965	0
968	0
970	0
971	0
974	0
976	0
982	0
987	0
989	0
1003	0
1005	0
1007	0
1013	0
1014	0
1016	0
1017	0
1020	0
1022	0
1027	0
1028	0
1029	0
1030	0
1035	0
1041	0
1043	0
1055	0
1060	0
1075	0
1077	0
1079	0
1082	0
1083	0
1087	0
1090	0
1091	0
1092	0
1094	0
1097	0
1098	0
1102	0
1103	0
1104	0
1105	0
1106	0
1108	0
1110	0
1112	0
1113	0
1114	0
1115	0
1117	0
1118	0
1125	0
1128	0
1131	0
1132	0
1133	0
1138	0
1147	0
1153	0
1156	0
1157	0
1163	0
1164	0
1165	0
1166	0
1167	0
1168	0
1175	0
1180	0
1182	0
1184	0
1185	0
1187	0
1194	0
1200	0
1201	0
1202	0
1203	0
1204	0
1207	0
1212	0
1213	0
1214	0
1219	0
1222	0
1224	0
1226	0
1227	0
1228	0
1229	0
1241	0
1242	0
1244	0
1245	0
1246	0
1247	0
1248	0
1249	0
1250	0
1253	0
1254	0
1255	0
1266	0
1271	0
1278	0
1281	0
1284	0
1286	0
1287	0
1288	0
1289	0
1291	0
1293	0
1294	0
1295	0
1296	0
1305	0
1308	0
1309	0
1311	0
1319	0
1329	0
1332	0
1333	0
1337	0
1341	0
1347	0
1352	0
1361	0
1362	0
1372	0
1379	0
1380	0
1381	0
1382	0
1383	0
1384	0
1385	0
1387	0
1388	0
1389	0
1390	0
1392	0
1397	0
1399	0
1404	0
1407	0
1413	0
1414	0
1415	0
1416	0
1417	0
1418	0
1420	0
1441	0
1449	0
1453	0
1456	0
1458	0
1459	0
1467	0
1472	0
1476	0
1478	0
1489	0
1490	0
1496	0
1497	0
1499	0
1500	0
1502	0
1504	0
1505	0
1507	0
1509	0
1510	0
1511	0
1512	0
1515	0
1517	0
1519	0
1520	0
1526	0
1528	0
1534	0
1535	0
1543	0
1545	0
1550	0
1553	0
1555	0
1556	0
1558	0
1565	0
1566	0
1567	0
1570	0
1573	0
1575	0
1577	0
1583	0
1586	0
1588	0
1594	0
1600	0
1601	0
1603	0
1610	0
1612	0
1617	0
1618	0
1619	0
1620	0
1621	0
1622	0
1624	0
1627	0
1632	0
1637	0
1638	0
1643	0
1644	0
1645	0
1647	0
1648	0
1649	0
1651	0
1653	0
1665	0
1669	0
1670	0
1671	0
1675	0
1677	0
1680	0
1681	0
1682	0
1685	0
1687	0
1689	0
1690	0
1691	0
1694	0
1696	0
1698	0
1699	0
1700	0
1701	0
1702	0
1704	0
1705	0
1707	0
1708	0
1710	0
1711	0
1712	0
1713	0
1715	0
1716	0
1719	0
1720	0
1721	0
1723	0
1726	0
1729	0
1732	0
1735	0
1736	0
1744	0
1749	0
1750	0
1751	0
1752	0
1755	0
1756	0
1758	0
1759	0
1760	0
1761	0
1762	0
1766	0
1776	0
1781	0
1782	0
1793	0
1797	0
1800	0
1803	0
1804	0
1806	0
1813	0
1814	0
1815	0
1816	0
1817	0
1818	0
1819	0
1820	0
1827	0
1829	0
1830	0
1831	0
1833	0
1836	0
1857	0
1860	0
1861	0
1862	0
1863	0
1867	0
1868	0
1878	0
1881	0
1883	0
1884	0
1885	0
1886	0
1889	0
1892	0
1897	0
1899	0
1900	0
1901	0
1902	0
1903	0
1904	0
1905	0
1906	0
1909	0
1910	0
1911	0
1912	0
1913	0
1915	0
1917	0
1919	0
1921	0
1924	0
1928	0
1937	0
1939	0
1940	0
1946	0
1947	0
1950	0
1951	0
1954	0
1955	0
1957	0
1958	0
1959	0
1960	0
1963	0
1965	0
1966	0
1968	0
1972	0
1974	0
1975	0
1977	0
1980	0
1984	0
1986	0
1987	0
1989	0
1990	0
1991	0
1993	0
2008	0
2015	0
2016	0
2022	0
2023	0
2024	0
2037	0
2039	0
2040	0
2041	0
2044	0
2045	0
2047	0
2049	0
2050	0
2051	0
2054	0
2056	0
2057	0
2059	0
2061	0
2062	0
2064	0
2067	0
2068	0
2073	0
2085	0
2089	0
2094	0
2095	0
2096	0
2097	0
2100	0
2106	0
2111	0
2125	0
2131	0
2132	0
2138	0
2140	0
2148	0
2149	0
2153	0
2160	0
2164	0
2172	0
2173	0
2174	0
2175	0
2177	0
2181	0
2183	0
2186	0
2187	0
2188	0
2191	0
2194	0
2196	0
2197	0
2198	0
2200	0
2202	0
2209	0
2211	0
2212	0
2213	0
2217	0
2218	0
2219	0
2220	0
2221	0
2222	0
2225	0
2226	0
2230	0
2234	0
2237	0
2240	0
2241	0
2242	0
2243	0
2244	0
2245	0
2246	0
2247	0
2248	0
2249	0
2250	0
2251	0
2255	0
2262	0
2264	0
2265	0
2267	0
2268	0
2269	0
2270	0
2271	0
2272	0
2277	0
2281	0
2286	0
2290	0
2291	0
2292	0
2293	0
2295	0
2296	0
2308	0
2310	0
2311	0
2316	0
2319	0
2321	0
2324	0
2325	0
2326	0
2328	0
2330	0
2334	0
2335	0
2336	0
2337	0
2341	0
2342	0
2344	0
2346	0
2347	0
2348	0
2349	0
2350	0
2352	0
2353	0
2355	0
2364	0
2370	0
2372	0
2380	0
2383	0
2385	0
2386	0
2387	0
2389	0
2390	0
2391	0
2397	0
2398	0
2409	0
2410	0
2418	0
2419	0
2424	0
2425	0
2438	0
2445	0
2450	0
2456	0
2458	0
2459	0
2461	0
2464	0
2465	0
2472	0
2473	0
2475	0
2476	0
2477	0
2479	0
2480	0
2483	0
2484	0
2486	0
2488	0
2490	0
2491	0
2496	0
2497	0
2500	0
2504	0
2505	0
2506	0
2508	0
2522	0
2529	0
2531	0
2535	0
2543	0
2546	0
2551	0
2552	0
2555	0
2558	0
2559	0
2561	0
2562	0
2566	0
2570	0
2600	0
2602	0
2604	0
2607	0
2611	0
2612	0
2621	0
2630	0
2631	0
2636	0
2637	0
2639	0
2643	0
2657	0
2658	0
2659	0
2662	0
2665	0
2667	0
2669	0
2672	0
2673	0
2675	0
2676	0
2677	0
2678	0
2680	0
2681	0
2682	0
2683	0
2684	0
2686	0
2688	0
2693	0
2699	0
2700	0
2705	0
2706	0
2707	0
2708	0
2718	0
2723	0
2725	0
2733	0
2738	0
2739	0
2741	0
2743	0
2745	0
2747	0
2749	0
2751	0
2757	0
2759	0
2764	0
2766	0
2768	0
2769	0
2770	0
2771	0
2772	0
2773	0
2774	0
2776	0
2777	0
2778	0
2779	0
2780	0
2781	0
2782	0
2783	0
2786	0
2789	0
2790	0
2791	0
2792	0
2793	0
2797	0
2798	0
2801	0
2802	0
2803	0
2808	0
2810	0
2812	0
2814	0
2816	0
2817	0
2818	0
2820	0
2823	0
2826	0
2828	0
2829	0
2830	0
2831	0
2832	0
2833	0
2834	0
2839	0
2840	0
2844	0
2848	0
2853	0
2864	0
2865	0
2868	0
2871	0
2872	0
2876	0
2877	0
2879	0
2885	0
2892	0
2894	0
2895	0
2896	0
2897	0
2898	0
2899	0
2900	0
2902	0
2907	0
2908	0
2911	0
2914	0
2917	0
2921	0
2922	0
2925	0
2926	0
2927	0
2928	0
2933	0
2934	0
2936	0
2937	0
2938	0
2947	0
2949	0
2954	0
2955	0
2956	0
2961	0
2962	0
2968	0
2977	0
2978	0
2980	0
2989	0
2990	0
2991	0
2992	0
2993	0
2994	0
2997	0
2998	0
2999	0
3000	0
3001	0
3002	0
3004	0
3005	0
3006	0
3007	0
3008	0
3016	0
3018	0
3022	0
3027	0
3033	0
3038	0
3039	0
3040	0
3042	0
3043	0
3047	0
3048	0
3049	0
3050	0
3051	0
3052	0
3053	0
3054	0
3056	0
3057	0
3058	0
3059	0
3060	0
3061	0
3064	0
3067	0
3068	0
3077	0
3078	0
3079	0
3080	0
3084	0
3086	0
3092	0
3094	0
3095	0
3096	0
3103	0
3108	0
3109	0
3110	0
3115	0
3116	0
3118	0
3123	0
3125	0
3136	0
3140	0
3141	0
3146	0
3147	0
3148	0
3149	0
3150	0
3151	0
3152	0
3153	0
3154	0
3155	0
3156	0
3157	0
3158	0
3159	0
3160	0
3161	0
3162	0
3163	0
3166	0
3167	0
3171	0
3172	0
3173	0
3174	0
3176	0
3182	0
3192	0
3195	0
3197	0
3200	0
3201	0
3202	0
3204	0
3206	0
3207	0
3211	0
3214	0
3216	0
3217	0
3223	0
3225	0
3226	0
3230	0
3232	0
3233	0
3234	0
3236	0
3238	0
3239	0
3240	0
3244	0
3245	0
3247	0
3250	0
3253	0
3254	0
3257	0
3259	0
3262	0
3263	0
3264	0
3265	0
3266	0
3267	0
3268	0
3269	0
3273	0
3275	0
3282	0
3288	0
3289	0
3295	0
3298	0
3300	0
3303	0
3304	0
3307	0
3308	0
3313	0
3314	0
3315	0
3316	0
3318	0
3319	0
3320	0
3322	0
3324	0
3325	0
3333	0
3334	0
3337	0
3342	0
3360	0
3380	0
3381	0
3384	0
3391	0
3392	0
3394	0
3395	0
3396	0
3397	0
3398	0
3400	0
3401	0
3402	0
3405	0
3418	0
3419	0
3420	0
3422	0
3425	0
3427	0
3430	0
3431	0
3436	0
3438	0
3439	0
3440	0
3441	0
3442	0
3443	0
3445	0
3446	0
3447	0
3449	0
3451	0
3452	0
3453	0
3457	0
3458	0
3459	0
3464	0
4058	0
4059	0
4060	0
4061	0
4062	0
4063	0
4064	0
4065	0
4066	0
4067	0
4068	0
4069	0
4070	0
4071	0
4072	0
4073	0
4074	0
4075	0
4076	0
4077	0
4078	0
4079	0
4080	0
4081	0
4082	0
4086	0
4087	0
4088	0
4089	0
4090	0
4091	0
4092	0
4093	0
4094	0
4095	0
4096	0
4097	0
4098	0
4099	0
5324	0
6753	0
6754	0
6759	0
6763	0
6764	0
6765	0
6769	0
6770	0
6816	0
7031	0
7034	0
7035	0
7036	0
7037	0
7038	0
7039	0
7040	0
7041	0
7042	0
7043	0
8403	0
8406	0
8409	0
8413	0
8420	0
8421	0
8510	0
8511	0
8572	0
8573	0
8574	0
8575	0
8576	0
8577	0
8646	0
8647	0
8648	0
8649	0
9147	0
9151	0
9152	0
9158	0
9161	0
9173	0
9174	0
9175	0
9176	0
9177	0
9181	0
9190	0
9191	0
9193	0
9195	0
9198	0
9199	0
9200	0
9201	0
9203	0
9204	0
9205	0
9207	0
9208	0
9219	0
9220	0
9221	0
9222	0
9223	0
9224	0
9225	0
9227	0
9228	0
9229	0
9230	0
9231	0
9232	0
9233	0
9234	0
9235	0
9262	0
9279	0
9280	0
9281	0
9283	0
9292	0
9295	0
9297	0
9298	0
9299	0
9300	0
9309	0
9321	0
9322	0
9323	0
9324	0
9337	0
9338	0
9340	0
9341	0
9344	0
9346	0
9347	0
9358	0
9381	0
9387	0
9390	0
9391	0
9392	0
9393	0
9394	0
9395	0
9400	0
9402	0
9408	0
9444	0
9445	0
9449	0
9466	0
9469	0
9470	0
9471	0
9599	0
9983	0
10009	0
10010	0
10011	0
10040	0
10052	0
10053	0
10054	0
10055	0
10056	0
10057	0
10058	0
10074	0
10075	0
10076	0
10122	0
10123	0
10124	0
10125	0
10126	0
10131	0
10142	0
10143	0
10144	0
10145	0
10146	0
10147	0
10148	0
10157	0
10158	0
10160	0
10161	0
10162	0
10164	0
10208	0
10209	0
10210	0
10211	0
10212	0
10213	0
10214	0
10216	0
10219	0
10221	0
10222	0
10223	0
10224	0
10225	0
10237	0
10238	0
10239	0
10240	0
10241	0
10242	0
10243	0
10248	0
10249	0
10250	0
10251	0
10252	0
10253	0
10254	0
10255	0
10324	0
10325	0
10334	0
10335	0
10683	0
10690	0
10691	0
10704	0
10705	0
10706	0
10730	0
11029	0
11033	0
11043	0
11047	0
11075	0
11120	0
11451	0
11455	0
11457	0
11462	0
11506	0
11507	0
11523	0
11627	0
11630	0
11631	0
11632	0
11633	0
11634	0
11635	0
11637	0
11638	0
11639	0
11640	0
11641	0
11642	0
11645	0
11647	0
11648	0
11649	0
11650	0
11651	0
11652	0
11653	0
11654	0
11738	0
11741	0
11837	0
11838	0
11839	0
11840	0
11845	0
11847	0
11871	0
11873	0
11877	0
11878	0
11954	0
13379	0
13677	0
13678	0
13679	0
13680	0
13684	0
13718	0
13724	0
13725	0
13739	0
13740	0
13879	0
13880	0
13881	0
13972	0
13973	0
13974	0
14103	0
14114	0
14115	0
14127	0
14150	0
14151	0
14152	0
14153	0
14154	0
14208	0
15206	0
15207	0
15208	0
15209	0
15211	0
15212	0
15429	0
15444	0
15445	0
15446	0
15447	0
16201	0
16202	0
16203	0
16204	0
16205	0
16206	0
16208	0
16210	0
16315	0
16316	0
16317	0
16318	0
16319	0
16320	0
16321	0
16322	0
16323	0
16324	0
16325	0
16326	0
16327	0
16346	0
16350	0
16351	0
16352	0
16353	0
16357	0
16359	0
16361	0
16367	0
16388	0
16389	0
16395	0
16396	0
16399	0
16400	0
16401	0
16402	0
16403	0
16404	0
16417	0
16418	0
16419	0
16420	0
16421	0
16423	0
16424	0
16426	0
16427	0
16562	0
16577	0
16589	0
16631	0
16632	0
16633	0
16634	0
16635	0
16636	0
16637	0
16638	0
16644	0
16648	0
16650	0
16653	0
16655	0
16657	0
17232	0
17237	0
17269	0
17270	0
17274	0
17284	0
17285	0
17316	0
17318	0
17319	0
17322	0
17326	0
17327	0
17330	0
17391	0
17392	0
17393	0
18520	0
18521	0
18778	0
18781	0
18795	0
18797	0
18798	0
18827	0
18828	0
19563	0
19564	0
19565	0
19566	0
19567	0
19568	0
19569	0
19570	0
19571	0
19572	0
19573	0
19574	0
19575	0
19576	0
19577	0
19578	0
19579	0
19768	0
19769	0
19770	0
19771	0
19772	0
19774	0
19776	0
19777	0
19778	0
19779	0
19780	0
19781	0
19782	0
19784	0
19791	0
19792	0
19793	0
19794	0
19795	0
19796	0
19908	0
19909	0
19910	0
19911	0
19913	0
19914	0
19915	0
19916	0
19917	0
19918	0
19920	0
19921	0
19922	0
19923	0
19924	0
19925	0
19926	0
19927	0
19928	0
19929	0
19930	0
19935	0
19937	0
19938	0
19942	0
19947	0
19948	0
19949	0
19959	0
19960	0
19961	0
19962	0
19963	0
19971	0
19972	0
19973	0
19974	0
19975	0
19976	0
19977	0
19978	0
19979	0
19980	0
19981	0
19982	0
19983	0
19984	0
19985	0
19990	0
19991	0
19992	0
19993	0
19994	0
19995	0
19996	0
19997	0
19998	0
19999	0
20000	0
20001	0
20002	0
20003	0
20004	0
20005	0
20006	0
20007	0
20008	0
20009	0
20010	0
20011	0
20012	0
20013	0
20014	0
20015	0
20016	0
20017	0
20018	0
20019	0
20020	0
20021	0
20022	0
20023	0
20024	0
20025	0
20026	0
20027	0
20028	0
20029	0
20030	0
20031	0
20032	0
20033	0
20034	0
20035	0
20036	0
20037	0
20038	0
20039	0
20040	0
20041	0
20042	0
20043	0
20044	0
20045	0
20046	0
20047	0
20048	0
20049	0
20050	0
20051	0
20052	0
20053	0
20054	0
20056	0
20057	0
20058	0
20059	0
20060	0
20061	0
20062	0
20063	0
20064	0
20065	0
20066	0
20067	0
20068	0
20069	0
20070	0
20071	0
20072	0
20073	0
20074	0
20075	0
20076	0
20077	0
20078	0
20079	0
20080	0
20081	0
20084	0
20085	0
20086	0
20087	0
20088	0
20089	0
20090	0
20091	0
20092	0
20093	0
20094	0
20095	0
20096	0
20097	0
20098	0
20099	0
20101	0
20102	0
20103	0
20104	0
20105	0
20106	0
20109	0
20110	0
20111	0
20112	0
20113	0
20114	0
20115	0
20116	0
20117	0
20232	0
20233	0
20234	0
20235	0
20236	0
20381	0
20382	0
20600	0
20601	0
20602	0
20603	0
20604	0
20605	0
20720	0
20721	0
20722	0
20787	0
20788	0
20789	0
20790	0
20791	0
20792	0
20793	0
20903	0
20905	0
20906	0
20907	0
20908	0
20909	0
20910	0
20912	0
20926	0
20927	0
20928	0
20931	0
20932	0
20933	0
20935	0
20936	0
20938	0
20939	0
20956	0
20957	0
20995	0
20996	0
20998	0
20999	0
21024	0
21025	0
21026	0
21027	0
21035	0
21037	0
21040	0
21042	0
21043	0
21044	0
21045	0
21046	0
21047	0
21048	0
21070	0
21071	0
21077	0
21139	0
21140	0
21141	0
21142	0
21145	0
21168	0
21172	0
21173	0
21175	0
21177	0
21183	0
21247	0
21249	0
21336	0
21342	0
21343	0
21344	0
21345	0
21346	0
21348	0
21349	0
21350	0
21356	0
21357	0
21397	0
21398	0
21399	0
21400	0
21401	0
21407	0
21413	0
21416	0
21539	0
21612	0
21736	0
21756	0
21758	0
21759	0
21768	0
21776	0
21785	0
21789	0
21791	0
21792	0
21889	0
21994	0
21995	0
21996	0
22261	0
22262	0
22263	0
22264	0
22265	0
23407	0
23516	0
23541	0
23593	0
23629	0
23630	0
23631	0
23637	0
23638	0
24260	0
24272	0
24273	0
24313	0
24320	0
24342	0
24343	0
24344	0
24346	0
24435	0
24462	0
24463	0
24464	0
24615	0
24622	0
24625	0
24637	0
24993	0
25168	0
25220	0
25221	0
25223	0
25263	0
25297	0
25298	0
25299	0
26536	0
26538	0
28102	0
28103	0
28104	0
28112	0
28113	0
28114	0
28115	0
28169	0
29021	0
29022	0
29023	0
29025	0
29026	0
29128	0
29267	0
29401	0
29404	0
29414	0
30696	0
32105	0
32108	0
32110	0
32111	0
32112	0
32114	0
32135	0
32178	0
32196	0
32224	0
32280	0
32290	0
32296	0
32321	0
32348	0
32359	0
32386	0
32407	0
32495	0
32523	0
32574	0
32608	0
33097	0
33099	0
33101	0
33107	0
33778	0
33780	0
33781	0
34241	0
34243	0
34245	0
34249	0
34250	0
34251	0
34254	0
34255	0
34271	0
34273	0
34274	0
34275	0
34290	0
34291	0
34292	0
34293	0
34294	0
34295	0
34304	0
34307	0
34311	0
34312	0
34316	0
34323	0
34324	0
34326	0
34329	0
34330	0
34337	0
34340	0
34348	0
34415	0
34416	0
34417	0
34418	0
34421	0
34441	0
34444	0
34448	0
34455	0
34457	0
34466	0
34475	0
34477	0
34480	0
34482	0
34484	0
34489	0
34491	0
34493	0
34494	0
34502	0
34504	0
34505	0
34506	0
34507	0
34509	0
34510	0
34512	0
34521	0
34522	0
34523	0
35182	0
36605	0
36616	0
36617	0
38353	0
38357	0
38389	0
40414	0
40415	0
40416	0
40417	0
40470	0
40883	0
40887	0
41163	0
41165	0
41172	0
41178	0
41180	0
41186	0
41188	0
41191	0
41193	0
41207	0
41210	0
41211	0
41212	0
42002	0
42179	0
42206	0
42247	0
42261	0
42625	0
42626	0
42980	0
43012	0
43365	0
44278	0
44306	0
44397	0
44401	0
44402	0
44411	0
44413	0
44414	0
44417	0
44418	0
44420	0
44429	0
44455	0
44458	0
44464	0
44467	0
44468	0
44470	0
44474	0
44502	0
44515	0
44579	0
44695	0
45385	0
45546	0
45547	0
45561	0
45562	0
45563	0
45637	0
45859	0
45936	0
45937	0
45938	0
45939	0
45975	0
45978	0
45989	0
45990	0
45991	0
45992	0
45995	0
45996	0
45997	0
46002	0
46003	0
46004	0
46005	0
46014	0
46016	0
46018	0
46055	0
46057	0
46060	0
46062	0
46063	0
46069	0
46072	0
46073	0
46077	0
46078	0
46081	0
46095	0
46096	0
46099	0
46102	0
46120	0
46134	0
46140	0
46141	0
46158	0
46162	0
46164	0
46178	0
46180	0
46181	0
46182	0
46196	0
46198	0
46204	0
46244	0
46245	0
46258	0
48034	0
48094	0
48095	0
48096	0
48114	0
48115	0
48116	0
48117	0
48118	0
48119	0
48120	0
48121	0
8283	2003
2043	2004
2086	2004
7133	2004
7144	2004
7154	2004
7160	2004
7163	2004
7164	2004
7173	2004
7203	2004
7206	2004
7208	2004
7211	2004
168	2005
422	2005
500	2005
520	2005
578	2005
669	2005
690	2005
696	2005
697	2005
726	2005
727	2005
731	2005
739	2005
777	2005
795	2005
797	2005
959	2005
1059	2005
1119	2005
1179	2005
1215	2005
1320	2005
1423	2005
1429	2005
1484	2005
1630	2005
1646	2005
1661	2005
1746	2005
1757	2005
1809	2005
1838	2005
1922	2005
1935	2005
1970	2005
2019	2005
2098	2005
2112	2005
2113	2005
2128	2005
2163	2005
2199	2005
2210	2005
2252	2005
2274	2005
2283	2005
2338	2005
2440	2005
2442	2005
2443	2005
2462	2005
2519	2005
2633	2005
2666	2005
2720	2005
2799	2005
2838	2005
2875	2005
2878	2005
3076	2005
3117	2005
3138	2005
3145	2005
3210	2005
3215	2005
3220	2005
3291	2005
3297	2005
3299	2005
3354	2005
3371	2005
3372	2005
3385	2005
3406	2005
3423	2005
3470	2005
7093	2005
7096	2005
7101	2005
7102	2005
7103	2005
7104	2005
7107	2005
7109	2005
7110	2005
7111	2005
7112	2005
7119	2005
8404	2005
8405	2005
8407	2005
8408	2005
8410	2005
8411	2005
8417	2005
8466	2005
8473	2005
8483	2005
8557	2005
8558	2005
8560	2005
8562	2005
8563	2005
8564	2005
8566	2005
8567	2005
8568	2005
8569	2005
8631	2005
8633	2005
8635	2005
8638	2005
8639	2005
8644	2005
9284	2005
9286	2005
21442	2005
113	2006
191	2006
254	2006
369	2006
388	2006
510	2006
541	2006
569	2006
603	2006
616	2006
687	2006
746	2006
752	2006
773	2006
849	2006
864	2006
949	2006
1068	2006
1069	2006
1177	2006
1345	2006
1348	2006
1349	2006
1364	2006
1366	2006
1477	2006
1495	2006
1568	2006
1595	2006
1654	2006
1660	2006
1666	2006
1679	2006
1808	2006
1821	2006
1894	2006
2021	2006
2034	2006
2099	2006
2124	2006
2130	2006
2195	2006
2266	2006
2303	2006
2375	2006
2420	2006
2532	2006
2560	2006
2571	2006
2624	2006
2650	2006
2685	2006
2712	2006
2755	2006
2825	2006
2837	2006
2842	2006
3186	2006
3187	2006
3188	2006
3199	2006
3270	2006
3281	2006
3482	2006
3505	2006
3513	2006
3558	2006
3570	2006
3596	2006
3613	2006
3626	2006
3631	2006
3641	2006
3664	2006
3674	2006
3717	2006
3727	2006
3728	2006
3735	2006
3736	2006
3753	2006
3766	2006
3784	2006
3790	2006
3814	2006
3819	2006
3831	2006
3872	2006
3887	2006
3923	2006
3956	2006
3964	2006
3978	2006
4007	2006
4017	2006
4103	2006
4105	2006
4111	2006
4122	2006
5359	2006
5416	2006
5466	2006
5467	2006
6367	2006
6369	2006
6372	2006
6396	2006
6768	2006
6795	2006
6797	2006
6814	2006
87	2007
208	2007
224	2007
402	2007
1054	2007
1272	2007
1765	2007
2080	2007
2162	2007
2314	2007
2468	2007
2469	2007
2605	2007
2696	2007
2827	2007
2909	2007
3137	2007
3365	2007
3686	2007
3747	2007
3802	2007
3861	2007
3925	2007
4022	2007
4127	2007
5278	2007
5327	2007
5328	2007
5330	2007
5331	2007
5406	2007
5420	2007
5426	2007
5441	2007
5471	2007
5479	2007
5504	2007
5505	2007
5506	2007
5508	2007
5517	2007
5532	2007
5535	2007
5561	2007
5563	2007
5565	2007
5581	2007
5611	2007
5625	2007
5686	2007
5687	2007
5771	2007
5794	2007
5811	2007
5865	2007
5971	2007
5973	2007
5979	2007
5996	2007
5997	2007
6009	2007
6066	2007
6080	2007
6083	2007
6084	2007
6085	2007
6116	2007
6131	2007
6148	2007
6294	2007
6299	2007
6326	2007
6347	2007
6357	2007
6359	2007
6385	2007
6391	2007
6431	2007
6558	2007
6594	2007
6606	2007
6622	2007
7087	2007
7091	2007
7092	2007
7099	2007
7115	2007
7120	2007
7123	2007
7278	2007
8571	2007
8695	2007
8696	2007
9522	2007
9538	2007
9847	2007
10078	2007
10474	2007
10675	2007
11540	2007
11547	2007
11550	2007
11552	2007
11554	2007
11556	2007
11558	2007
11560	2007
11579	2007
11580	2007
11581	2007
11583	2007
11584	2007
11585	2007
11586	2007
11607	2007
11608	2007
11609	2007
11610	2007
11613	2007
11614	2007
11619	2007
11620	2007
11621	2007
11643	2007
11655	2007
11732	2007
11733	2007
11734	2007
11879	2007
12157	2007
12158	2007
40550	2007
5	2008
250	2008
421	2008
1367	2008
1775	2008
2613	2008
3070	2008
3142	2008
3185	2008
3227	2008
3533	2008
3535	2008
3604	2008
3693	2008
3714	2008
3758	2008
5315	2008
5418	2008
5591	2008
5765	2008
5766	2008
5806	2008
5881	2008
5882	2008
5883	2008
5891	2008
5995	2008
6153	2008
6232	2008
6235	2008
6236	2008
6377	2008
6379	2008
6381	2008
6405	2008
6433	2008
6442	2008
6444	2008
6578	2008
6579	2008
6610	2008
9252	2008
9301	2008
9302	2008
9365	2008
9370	2008
9397	2008
9415	2008
9426	2008
9503	2008
9510	2008
9528	2008
9529	2008
9531	2008
9541	2008
9574	2008
9606	2008
9612	2008
9614	2008
9625	2008
9634	2008
9675	2008
9719	2008
9749	2008
9750	2008
9814	2008
9824	2008
9841	2008
9858	2008
9887	2008
9917	2008
9919	2008
9921	2008
9942	2008
9954	2008
9959	2008
9970	2008
9972	2008
9990	2008
10068	2008
10071	2008
10073	2008
10102	2008
10108	2008
10110	2008
10120	2008
10149	2008
10194	2008
10196	2008
10200	2008
10220	2008
10272	2008
10283	2008
10289	2008
10357	2008
10359	2008
10365	2008
10399	2008
10412	2008
10414	2008
10436	2008
10438	2008
10451	2008
10477	2008
10480	2008
10481	2008
10482	2008
10483	2008
10484	2008
10485	2008
10486	2008
10488	2008
10490	2008
10526	2008
10527	2008
10569	2008
10686	2008
12309	2008
12311	2008
12313	2008
12519	2008
12520	2008
12744	2008
12745	2008
12761	2008
12767	2008
13310	2008
13343	2008
13374	2008
13375	2008
13376	2008
13682	2008
13938	2008
14111	2008
14210	2008
14213	2008
14235	2008
14338	2008
16383	2008
16387	2008
16393	2008
16394	2008
16888	2008
16889	2008
16891	2008
16912	2008
16913	2008
16914	2008
16915	2008
16916	2008
16917	2008
16918	2008
16920	2008
16921	2008
16939	2008
16940	2008
16941	2008
16944	2008
16945	2008
16946	2008
16950	2008
16952	2008
16953	2008
16958	2008
16959	2008
17216	2008
17217	2008
17218	2008
17219	2008
17220	2008
17221	2008
17222	2008
17223	2008
17225	2008
17227	2008
17228	2008
17238	2008
17239	2008
17247	2008
17248	2008
17250	2008
17252	2008
17254	2008
17267	2008
17268	2008
17396	2008
17417	2008
17419	2008
17422	2008
17423	2008
17426	2008
17427	2008
17428	2008
17429	2008
17431	2008
17441	2008
17442	2008
17443	2008
17444	2008
17445	2008
17446	2008
17447	2008
17448	2008
17449	2008
17450	2008
17451	2008
17452	2008
17453	2008
17454	2008
17455	2008
17456	2008
17457	2008
17458	2008
18086	2008
18093	2008
18468	2008
18469	2008
18484	2008
18486	2008
18487	2008
18492	2008
18516	2008
18517	2008
18518	2008
18527	2008
18528	2008
18529	2008
18530	2008
18531	2008
18532	2008
18534	2008
18681	2008
18682	2008
18736	2008
18737	2008
18738	2008
18739	2008
18740	2008
18741	2008
18753	2008
18755	2008
18758	2008
18759	2008
18760	2008
42781	2008
848	2009
3965	2009
7113	2009
10138	2009
11662	2009
11678	2009
11681	2009
11709	2009
11716	2009
11731	2009
11787	2009
11788	2009
11789	2009
11790	2009
11793	2009
11795	2009
11796	2009
11797	2009
11801	2009
11802	2009
11841	2009
11863	2009
11867	2009
11881	2009
11882	2009
11885	2009
11888	2009
11889	2009
11895	2009
11902	2009
11929	2009
11932	2009
11990	2009
12003	2009
12004	2009
12005	2009
12008	2009
12020	2009
12021	2009
12022	2009
12023	2009
12024	2009
12031	2009
12033	2009
12034	2009
12035	2009
12036	2009
12041	2009
12045	2009
12048	2009
12050	2009
12052	2009
12053	2009
12054	2009
12071	2009
12146	2009
12160	2009
12170	2009
12225	2009
12251	2009
12252	2009
12254	2009
12255	2009
12256	2009
12260	2009
12262	2009
12268	2009
12277	2009
12278	2009
12279	2009
12289	2009
12321	2009
12359	2009
12361	2009
12374	2009
12415	2009
12568	2009
12624	2009
12636	2009
12640	2009
12642	2009
12646	2009
12650	2009
12712	2009
12714	2009
12715	2009
12716	2009
12717	2009
12754	2009
12755	2009
12904	2009
12968	2009
12969	2009
12976	2009
12984	2009
12986	2009
12990	2009
12991	2009
13008	2009
13009	2009
13096	2009
13097	2009
13098	2009
13099	2009
13100	2009
13101	2009
13141	2009
13199	2009
13235	2009
13246	2009
13270	2009
13271	2009
13272	2009
13381	2009
13423	2009
13425	2009
13436	2009
13440	2009
13452	2009
13467	2009
13527	2009
13542	2009
13629	2009
13631	2009
13632	2009
13633	2009
13634	2009
13699	2009
13728	2009
13735	2009
13737	2009
13738	2009
13768	2009
13829	2009
13830	2009
13840	2009
13848	2009
13861	2009
13866	2009
13876	2009
13895	2009
13896	2009
13916	2009
13923	2009
13940	2009
13941	2009
13942	2009
14032	2009
14037	2009
14038	2009
14067	2009
14069	2009
14080	2009
14081	2009
14092	2009
14093	2009
14100	2009
14176	2009
14177	2009
14183	2009
14791	2009
14801	2009
14849	2009
14850	2009
14851	2009
14852	2009
14979	2009
15327	2009
16285	2009
16286	2009
16349	2009
16450	2009
16451	2009
16465	2009
16466	2009
16475	2009
17171	2009
17172	2009
17173	2009
17249	2009
17251	2009
18336	2009
18337	2009
18453	2009
18454	2009
18455	2009
18456	2009
18763	2009
18764	2009
18767	2009
18783	2009
18785	2009
18787	2009
18788	2009
18789	2009
18790	2009
18791	2009
18792	2009
18793	2009
18799	2009
18802	2009
18803	2009
18804	2009
18829	2009
18831	2009
18835	2009
18844	2009
18845	2009
18848	2009
18849	2009
18905	2009
18906	2009
18910	2009
18912	2009
18913	2009
18914	2009
18915	2009
18917	2009
18923	2009
18963	2009
18965	2009
18977	2009
18991	2009
18993	2009
18996	2009
19013	2009
19014	2009
19015	2009
19130	2009
19131	2009
19180	2009
19350	2009
19354	2009
19367	2009
19376	2009
19380	2009
19381	2009
19421	2009
19422	2009
19423	2009
19483	2009
19484	2009
19486	2009
19488	2009
19550	2009
19553	2009
19554	2009
19555	2009
19642	2009
19643	2009
19660	2009
19661	2009
19662	2009
19663	2009
19664	2009
19677	2009
19678	2009
19689	2009
19690	2009
19700	2009
19701	2009
19720	2009
19722	2009
19785	2009
19786	2009
19787	2009
19788	2009
19789	2009
19790	2009
19830	2009
19858	2009
19863	2009
19892	2009
19893	2009
19894	2009
19897	2009
19898	2009
19899	2009
19900	2009
19901	2009
19902	2009
19933	2009
19934	2009
19936	2009
19939	2009
19940	2009
19941	2009
19944	2009
19945	2009
19946	2009
19954	2009
19956	2009
19957	2009
19964	2009
19965	2009
20122	2009
20123	2009
20124	2009
20144	2009
20145	2009
20147	2009
20148	2009
20149	2009
20150	2009
20158	2009
20159	2009
20160	2009
20161	2009
20230	2009
20231	2009
20238	2009
20239	2009
20240	2009
20250	2009
20257	2009
20263	2009
20269	2009
20272	2009
20305	2009
20309	2009
20345	2009
20346	2009
20347	2009
20348	2009
20376	2009
20511	2009
20523	2009
20524	2009
20534	2009
20584	2009
20585	2009
20588	2009
20624	2009
20663	2009
20664	2009
20671	2009
20673	2009
20678	2009
20681	2009
20682	2009
20703	2009
20704	2009
20705	2009
20706	2009
20708	2009
20762	2009
20763	2009
20776	2009
20796	2009
20797	2009
20798	2009
20942	2009
20943	2009
20945	2009
20951	2009
20952	2009
20954	2009
20955	2009
20960	2009
20961	2009
20962	2009
20963	2009
20964	2009
20965	2009
20966	2009
20967	2009
20968	2009
20969	2009
20971	2009
20993	2009
20994	2009
21028	2009
21029	2009
21030	2009
21031	2009
21033	2009
21034	2009
21038	2009
21052	2009
21080	2009
21082	2009
21083	2009
21085	2009
21086	2009
21089	2009
21146	2009
21149	2009
21347	2009
21354	2009
21469	2009
21596	2009
21618	2009
21620	2009
21622	2009
21632	2009
21634	2009
21640	2009
21641	2009
21726	2009
21738	2009
21751	2009
21753	2009
21754	2009
21755	2009
21760	2009
21762	2009
21777	2009
21778	2009
21779	2009
21780	2009
21781	2009
21782	2009
21783	2009
21784	2009
21786	2009
21787	2009
21788	2009
21794	2009
21796	2009
21840	2009
21843	2009
21848	2009
21849	2009
21850	2009
21851	2009
21852	2009
21853	2009
21858	2009
21860	2009
21875	2009
21876	2009
21877	2009
21880	2009
21881	2009
21921	2009
21922	2009
21923	2009
21973	2009
21974	2009
21975	2009
21976	2009
21977	2009
21979	2009
21981	2009
21982	2009
21999	2009
22056	2009
22058	2009
22060	2009
22061	2009
22063	2009
22111	2009
22113	2009
22115	2009
22119	2009
22120	2009
22124	2009
22126	2009
22136	2009
22138	2009
22144	2009
22145	2009
22150	2009
22190	2009
22192	2009
24842	2009
24843	2009
673	2010
5515	2010
6461	2010
12308	2010
13493	2010
13726	2010
16306	2010
16328	2010
16378	2010
16380	2010
16406	2010
16436	2010
16438	2010
16439	2010
16494	2010
16504	2010
16518	2010
16544	2010
16563	2010
16566	2010
16567	2010
16569	2010
16570	2010
16571	2010
16572	2010
16574	2010
16582	2010
16584	2010
16588	2010
16594	2010
16596	2010
16612	2010
16660	2010
16661	2010
16662	2010
16708	2010
16760	2010
16761	2010
16770	2010
16773	2010
16774	2010
16778	2010
16836	2010
16895	2010
16897	2010
16982	2010
17028	2010
17079	2010
17123	2010
17158	2010
17235	2010
17236	2010
17256	2010
17262	2010
17271	2010
17294	2010
17301	2010
17309	2010
17313	2010
17324	2010
17325	2010
17389	2010
17390	2010
17411	2010
17466	2010
17472	2010
17474	2010
17478	2010
17482	2010
17483	2010
17487	2010
17525	2010
17526	2010
17527	2010
17528	2010
17529	2010
17530	2010
17557	2010
17613	2010
17650	2010
17659	2010
17674	2010
17675	2010
17676	2010
17677	2010
17678	2010
17680	2010
17698	2010
17799	2010
17803	2010
17823	2010
17849	2010
17880	2010
17934	2010
17936	2010
17953	2010
17974	2010
17982	2010
17999	2010
18001	2010
18008	2010
18009	2010
18054	2010
18068	2010
18213	2010
18220	2010
18230	2010
18248	2010
18279	2010
18339	2010
18441	2010
18462	2010
18515	2010
18519	2010
18535	2010
18537	2010
18539	2010
18541	2010
18549	2010
18560	2010
18561	2010
18564	2010
18570	2010
18571	2010
18574	2010
18664	2010
18711	2010
18712	2010
18770	2010
19650	2010
19654	2010
19655	2010
20771	2010
20772	2010
20773	2010
20782	2010
20783	2010
20897	2010
20901	2010
21016	2010
21018	2010
21019	2010
21073	2010
21287	2010
21839	2010
22336	2010
22338	2010
22341	2010
22407	2010
22572	2010
22605	2010
23306	2010
23312	2010
23333	2010
23335	2010
23406	2010
23491	2010
23514	2010
23520	2010
23523	2010
23549	2010
23564	2010
23565	2010
23568	2010
23572	2010
23579	2010
23580	2010
23588	2010
23591	2010
23592	2010
23595	2010
23599	2010
23605	2010
23611	2010
23626	2010
24274	2010
24833	2010
24834	2010
24841	2010
24890	2010
24891	2010
24892	2010
24893	2010
24895	2010
24897	2010
24898	2010
24899	2010
24923	2010
24924	2010
24925	2010
24941	2010
24943	2010
24944	2010
24948	2010
24986	2010
24988	2010
24990	2010
24991	2010
25021	2010
25025	2010
25026	2010
25027	2010
25028	2010
25104	2010
25105	2010
25106	2010
25107	2010
25108	2010
25109	2010
25405	2010
25406	2010
25407	2010
25408	2010
25409	2010
25410	2010
25411	2010
25412	2010
25413	2010
25415	2010
25419	2010
25420	2010
25732	2010
25774	2010
25779	2010
25783	2010
25785	2010
25790	2010
25808	2010
25809	2010
25810	2010
25811	2010
25812	2010
25813	2010
25815	2010
25816	2010
25817	2010
25818	2010
25819	2010
25820	2010
25837	2010
25838	2010
25839	2010
25841	2010
25843	2010
25845	2010
25846	2010
25847	2010
25849	2010
25850	2010
25851	2010
25852	2010
25854	2010
25856	2010
25859	2010
25860	2010
25864	2010
25869	2010
25870	2010
25871	2010
25874	2010
25875	2010
25876	2010
25877	2010
25878	2010
25880	2010
25891	2010
25892	2010
25893	2010
25894	2010
25895	2010
25896	2010
25897	2010
25939	2010
25943	2010
25946	2010
25947	2010
25948	2010
25954	2010
25955	2010
25956	2010
25959	2010
25987	2010
26068	2010
26071	2010
26073	2010
26260	2010
26264	2010
26293	2010
26294	2010
26296	2010
26297	2010
26299	2010
26300	2010
26311	2010
26312	2010
26314	2010
26317	2010
26318	2010
26319	2010
26322	2010
26325	2010
26326	2010
26335	2010
26336	2010
26337	2010
26345	2010
26347	2010
26348	2010
26349	2010
26385	2010
26387	2010
26396	2010
26403	2010
26404	2010
26405	2010
26406	2010
26407	2010
26408	2010
26412	2010
26413	2010
26426	2010
26427	2010
26428	2010
26429	2010
26430	2010
26431	2010
26432	2010
26438	2010
26449	2010
26517	2010
26518	2010
26520	2010
26521	2010
26522	2010
26523	2010
26524	2010
26526	2010
26531	2010
26533	2010
26534	2010
26535	2010
26543	2010
26548	2010
26549	2010
26550	2010
26551	2010
26553	2010
26558	2010
26560	2010
26562	2010
26565	2010
26566	2010
26567	2010
26569	2010
26571	2010
26579	2010
26581	2010
26582	2010
26583	2010
26584	2010
26585	2010
26588	2010
26589	2010
26590	2010
26591	2010
26592	2010
26656	2010
26657	2010
26658	2010
26659	2010
26661	2010
26663	2010
26669	2010
26671	2010
26676	2010
26677	2010
26678	2010
26682	2010
26684	2010
26697	2010
26701	2010
26703	2010
26708	2010
26710	2010
26723	2010
26761	2010
26762	2010
26775	2010
26812	2010
26813	2010
26815	2010
26816	2010
26817	2010
26819	2010
26820	2010
26821	2010
26824	2010
26828	2010
26837	2010
26838	2010
26842	2010
26843	2010
26844	2010
26845	2010
26846	2010
26848	2010
26849	2010
26851	2010
26852	2010
26853	2010
26854	2010
26880	2010
26881	2010
26888	2010
26889	2010
26891	2010
26896	2010
26898	2010
26899	2010
26900	2010
26901	2010
26902	2010
26904	2010
26905	2010
26942	2010
26943	2010
26945	2010
26970	2010
26980	2010
26983	2010
26998	2010
26999	2010
27005	2010
27054	2010
27055	2010
27056	2010
27057	2010
27200	2010
27201	2010
27205	2010
27214	2010
27215	2010
27222	2010
27233	2010
27240	2010
27270	2010
27271	2010
27272	2010
27273	2010
2499	2011
6609	2011
14054	2011
14844	2011
19744	2011
20986	2011
20990	2011
21002	2011
21056	2011
21063	2011
21064	2011
21076	2011
21088	2011
21091	2011
21101	2011
21178	2011
21179	2011
21202	2011
21239	2011
21242	2011
21246	2011
21255	2011
21266	2011
21271	2011
21289	2011
21290	2011
21295	2011
21296	2011
21303	2011
21304	2011
21307	2011
21310	2011
21328	2011
21329	2011
21330	2011
21341	2011
21386	2011
21508	2011
21513	2011
21515	2011
21522	2011
21535	2011
21558	2011
21563	2011
21583	2011
21651	2011
21687	2011
21702	2011
21729	2011
21730	2011
21731	2011
21732	2011
21733	2011
21734	2011
21735	2011
21742	2011
21750	2011
21859	2011
21952	2011
21957	2011
22024	2011
22029	2011
22078	2011
22128	2011
22129	2011
22130	2011
22198	2011
22205	2011
22214	2011
22241	2011
22251	2011
22252	2011
22295	2011
22298	2011
22330	2011
22333	2011
22347	2011
22408	2011
22420	2011
22422	2011
22427	2011
22432	2011
22433	2011
22435	2011
22437	2011
22439	2011
22440	2011
22443	2011
22445	2011
22446	2011
22447	2011
22452	2011
22453	2011
22469	2011
22470	2011
22476	2011
22478	2011
22479	2011
22481	2011
22491	2011
22506	2011
22511	2011
22513	2011
22514	2011
22521	2011
22530	2011
22531	2011
22536	2011
22555	2011
22623	2011
22624	2011
22644	2011
22645	2011
22653	2011
22654	2011
22678	2011
22708	2011
22782	2011
22797	2011
22819	2011
22835	2011
22836	2011
22860	2011
22865	2011
22868	2011
22878	2011
22885	2011
22894	2011
22896	2011
22899	2011
22930	2011
22932	2011
22933	2011
22940	2011
22941	2011
22942	2011
22956	2011
22957	2011
22961	2011
22963	2011
22964	2011
22973	2011
22998	2011
23003	2011
23006	2011
23010	2011
23015	2011
23016	2011
23018	2011
23021	2011
23022	2011
23024	2011
23026	2011
23040	2011
23042	2011
23130	2011
23131	2011
23154	2011
23162	2011
23202	2011
23226	2011
23234	2011
23241	2011
23249	2011
23264	2011
23265	2011
23266	2011
23276	2011
23278	2011
23287	2011
23290	2011
23299	2011
23344	2011
23347	2011
23348	2011
23350	2011
23351	2011
23352	2011
23353	2011
23367	2011
23398	2011
23437	2011
23438	2011
23442	2011
23443	2011
23444	2011
23453	2011
23464	2011
23465	2011
23468	2011
23472	2011
23487	2011
23497	2011
23501	2011
23505	2011
23506	2011
23521	2011
23601	2011
23627	2011
23634	2011
24036	2011
24179	2011
24345	2011
24457	2011
24517	2011
24542	2011
24547	2011
24557	2011
24558	2011
24559	2011
24560	2011
24563	2011
24824	2011
24825	2011
24826	2011
24827	2011
24828	2011
24829	2011
24830	2011
24831	2011
24832	2011
24905	2011
24912	2011
25020	2011
25374	2011
25380	2011
25436	2011
25437	2011
25694	2011
25710	2011
25712	2011
25713	2011
25805	2011
25806	2011
25917	2011
25918	2011
25919	2011
25921	2011
25923	2011
25988	2011
25990	2011
26266	2011
26320	2011
26321	2011
26532	2011
26539	2011
26541	2011
26546	2011
26547	2011
26552	2011
26556	2011
26559	2011
26561	2011
26563	2011
26564	2011
26568	2011
26570	2011
26572	2011
26573	2011
26576	2011
26578	2011
26586	2011
26587	2011
26595	2011
26598	2011
26599	2011
26600	2011
26601	2011
26602	2011
26603	2011
26607	2011
26608	2011
26612	2011
26613	2011
26614	2011
26615	2011
26616	2011
26617	2011
26619	2011
26625	2011
26626	2011
26627	2011
26628	2011
26629	2011
26630	2011
26631	2011
26635	2011
26636	2011
26642	2011
26664	2011
26665	2011
26667	2011
26670	2011
26672	2011
26673	2011
26675	2011
27422	2011
27423	2011
27424	2011
27425	2011
27426	2011
27427	2011
27428	2011
27429	2011
27430	2011
27479	2011
27481	2011
27504	2011
27507	2011
27508	2011
27532	2011
27533	2011
27534	2011
27542	2011
27543	2011
27558	2011
27559	2011
27560	2011
27591	2011
27594	2011
27600	2011
27601	2011
27603	2011
27604	2011
27605	2011
27641	2011
27644	2011
27648	2011
27649	2011
27652	2011
27705	2011
27707	2011
27709	2011
27711	2011
27717	2011
27720	2011
27742	2011
27743	2011
27744	2011
27745	2011
27746	2011
28116	2011
28117	2011
28118	2011
28119	2011
28120	2011
28121	2011
28122	2011
28125	2011
28126	2011
28127	2011
28128	2011
28129	2011
28130	2011
28131	2011
28132	2011
28133	2011
28134	2011
28136	2011
28137	2011
28140	2011
28141	2011
28142	2011
28143	2011
28144	2011
28145	2011
28146	2011
28147	2011
28148	2011
28149	2011
28150	2011
28151	2011
28152	2011
28153	2011
28154	2011
28155	2011
28157	2011
28158	2011
28159	2011
28160	2011
28163	2011
28164	2011
28166	2011
28167	2011
28170	2011
28172	2011
28176	2011
28184	2011
28185	2011
28186	2011
28187	2011
28188	2011
28190	2011
28192	2011
28194	2011
28195	2011
28198	2011
28199	2011
28202	2011
28204	2011
28208	2011
28209	2011
28210	2011
28211	2011
28212	2011
28213	2011
28214	2011
28215	2011
28231	2011
28232	2011
28233	2011
28234	2011
28235	2011
28236	2011
28237	2011
28238	2011
28239	2011
28247	2011
28248	2011
28249	2011
28250	2011
28251	2011
28275	2011
28277	2011
28283	2011
28285	2011
28286	2011
28310	2011
28312	2011
28313	2011
28315	2011
28316	2011
28319	2011
28323	2011
28324	2011
28326	2011
28328	2011
28329	2011
28330	2011
28332	2011
28333	2011
28334	2011
28345	2011
28346	2011
28352	2011
28353	2011
28354	2011
28355	2011
28356	2011
28367	2011
28369	2011
28393	2011
28394	2011
28395	2011
28396	2011
28397	2011
28400	2011
28401	2011
28402	2011
28403	2011
28404	2011
28436	2011
28440	2011
28441	2011
28624	2011
28625	2011
28627	2011
28628	2011
28629	2011
28630	2011
28653	2011
28656	2011
28663	2011
28667	2011
28669	2011
28670	2011
28700	2011
28705	2011
28710	2011
28715	2011
28724	2011
28749	2011
28750	2011
28751	2011
28752	2011
28753	2011
28754	2011
28755	2011
28756	2011
28757	2011
28819	2011
28820	2011
28824	2011
28830	2011
28832	2011
28834	2011
28848	2011
28850	2011
28851	2011
28855	2011
28856	2011
28857	2011
28869	2011
28870	2011
28876	2011
28882	2011
28884	2011
28885	2011
28935	2011
28936	2011
28938	2011
28939	2011
28940	2011
28953	2011
28954	2011
28955	2011
28957	2011
28958	2011
28959	2011
28960	2011
28965	2011
28966	2011
28967	2011
28969	2011
28970	2011
28971	2011
28972	2011
28973	2011
28974	2011
28975	2011
29008	2011
29010	2011
29011	2011
29012	2011
29013	2011
29014	2011
29034	2011
29035	2011
29038	2011
29039	2011
29042	2011
29043	2011
29051	2011
29054	2011
29055	2011
29056	2011
29057	2011
29058	2011
29076	2011
29079	2011
29080	2011
29081	2011
29082	2011
29083	2011
29084	2011
29085	2011
29094	2011
29095	2011
29097	2011
29098	2011
29099	2011
29100	2011
29101	2011
29102	2011
29103	2011
29104	2011
29105	2011
29107	2011
29108	2011
29109	2011
29110	2011
29111	2011
29112	2011
29113	2011
29114	2011
29115	2011
29116	2011
29124	2011
29125	2011
29127	2011
29129	2011
29133	2011
29134	2011
29135	2011
29137	2011
29148	2011
29149	2011
29150	2011
29151	2011
29152	2011
29167	2011
29168	2011
29170	2011
29177	2011
29178	2011
29179	2011
29180	2011
29220	2011
29221	2011
29222	2011
29224	2011
29226	2011
29240	2011
29241	2011
29243	2011
29246	2011
29249	2011
29251	2011
29252	2011
29253	2011
29254	2011
29255	2011
29257	2011
29279	2011
29280	2011
29281	2011
29290	2011
29293	2011
29323	2011
29327	2011
29329	2011
29334	2011
29341	2011
29346	2011
29347	2011
29349	2011
29370	2011
29371	2011
29372	2011
29373	2011
29383	2011
29386	2011
29472	2011
29475	2011
29476	2011
29478	2011
29494	2011
29495	2011
29506	2011
29507	2011
29513	2011
29518	2011
29519	2011
29520	2011
29521	2011
29605	2011
29607	2011
29608	2011
29613	2011
29615	2011
29616	2011
29617	2011
29618	2011
29631	2011
29632	2011
29646	2011
29650	2011
29651	2011
29652	2011
29653	2011
29668	2011
29669	2011
29676	2011
29677	2011
29678	2011
29679	2011
29680	2011
29698	2011
29706	2011
29723	2011
29787	2011
29793	2011
29800	2011
29803	2011
29840	2011
29843	2011
29844	2011
29845	2011
29848	2011
29850	2011
29851	2011
29852	2011
29853	2011
29855	2011
29954	2011
29959	2011
29960	2011
29962	2011
29969	2011
29970	2011
29971	2011
29976	2011
29977	2011
29978	2011
29979	2011
29980	2011
29981	2011
29982	2011
29983	2011
29984	2011
29987	2011
29989	2011
29990	2011
29991	2011
29996	2011
30008	2011
30009	2011
30010	2011
30011	2011
30012	2011
30013	2011
30014	2011
30016	2011
30017	2011
30018	2011
30019	2011
30020	2011
30021	2011
30022	2011
30031	2011
30056	2011
30074	2011
30076	2011
30077	2011
30078	2011
30079	2011
30081	2011
30084	2011
30086	2011
30087	2011
30088	2011
30089	2011
30090	2011
30092	2011
30094	2011
30095	2011
30096	2011
30097	2011
30102	2011
30103	2011
30110	2011
30125	2011
30126	2011
30137	2011
30161	2011
30162	2011
30163	2011
30165	2011
30167	2011
30170	2011
30172	2011
30173	2011
30174	2011
30175	2011
30183	2011
30185	2011
30186	2011
30202	2011
30203	2011
30204	2011
30206	2011
30271	2011
30272	2011
30273	2011
30274	2011
30275	2011
30280	2011
30285	2011
30286	2011
30288	2011
30296	2011
30297	2011
30300	2011
30303	2011
30308	2011
30407	2011
30408	2011
30418	2011
30420	2011
30422	2011
30424	2011
30426	2011
30428	2011
30429	2011
30431	2011
30432	2011
30444	2011
30449	2011
30451	2011
30660	2011
30661	2011
30662	2011
30663	2011
30667	2011
30668	2011
30670	2011
30671	2011
30689	2011
30690	2011
30692	2011
30693	2011
30694	2011
30699	2011
30703	2011
30718	2011
30720	2011
30721	2011
30722	2011
30794	2011
30795	2011
30799	2011
30801	2011
30803	2011
30817	2011
30818	2011
30819	2011
30827	2011
30829	2011
30831	2011
30832	2011
30833	2011
30964	2011
30965	2011
30967	2011
30968	2011
30969	2011
30970	2011
30971	2011
30972	2011
30975	2011
30976	2011
31105	2011
31112	2011
31129	2011
31130	2011
31133	2011
31135	2011
31137	2011
31140	2011
31162	2011
31166	2011
31219	2011
31223	2011
31224	2011
31225	2011
31536	2011
31539	2011
31543	2011
31544	2011
31545	2011
31546	2011
31547	2011
31548	2011
31550	2011
31551	2011
31552	2011
31577	2011
31579	2011
31580	2011
31592	2011
31595	2011
31596	2011
31611	2011
31640	2011
31643	2011
31644	2011
31646	2011
31647	2011
31648	2011
31649	2011
31671	2011
31897	2011
31903	2011
32004	2011
32007	2011
32009	2011
32020	2011
32043	2011
32046	2011
32047	2011
32064	2011
32083	2011
32084	2011
32085	2011
32087	2011
32088	2011
32131	2011
32133	2011
32134	2011
32141	2011
32145	2011
32181	2011
32187	2011
32209	2011
32212	2011
32215	2011
32216	2011
32217	2011
32218	2011
32222	2011
32259	2011
32260	2011
32278	2011
32279	2011
32302	2011
32354	2011
32356	2011
32357	2011
32358	2011
32413	2011
32414	2011
32415	2011
32416	2011
32417	2011
32528	2011
32530	2011
32531	2011
32533	2011
32534	2011
32549	2011
32555	2011
32562	2011
32567	2011
32573	2011
32585	2011
33769	2011
33770	2011
33777	2011
33779	2011
33785	2011
33786	2011
33787	2011
33788	2011
33790	2011
33812	2011
33813	2011
33818	2011
33819	2011
33829	2011
33830	2011
33831	2011
33834	2011
33936	2011
33949	2011
33950	2011
33951	2011
33960	2011
33962	2011
33964	2011
47980	2011
47981	2011
85	2012
11686	2012
25551	2012
25552	2012
25553	2012
25554	2012
25555	2012
25558	2012
25560	2012
25586	2012
25676	2012
25794	2012
25829	2012
25958	2012
25962	2012
25965	2012
25971	2012
25975	2012
25976	2012
26003	2012
26004	2012
26020	2012
26021	2012
26022	2012
26023	2012
26034	2012
26056	2012
26078	2012
26090	2012
26093	2012
26094	2012
26095	2012
26121	2012
26122	2012
26182	2012
26193	2012
26239	2012
26243	2012
26244	2012
26251	2012
26252	2012
26305	2012
26329	2012
26380	2012
26382	2012
26419	2012
26424	2012
26425	2012
26444	2012
26459	2012
26466	2012
26477	2012
26479	2012
26575	2012
26622	2012
26646	2012
26650	2012
26651	2012
26653	2012
26654	2012
26655	2012
26722	2012
26724	2012
26727	2012
26728	2012
26729	2012
26732	2012
26742	2012
26747	2012
26750	2012
26753	2012
26754	2012
26757	2012
26759	2012
26760	2012
26769	2012
26771	2012
26858	2012
26861	2012
26893	2012
26912	2012
26931	2012
26948	2012
26949	2012
26950	2012
27026	2012
27027	2012
27028	2012
27059	2012
27063	2012
27064	2012
27074	2012
27088	2012
27112	2012
27119	2012
27177	2012
27217	2012
27252	2012
27309	2012
27325	2012
27340	2012
27347	2012
27348	2012
27381	2012
27405	2012
27407	2012
27413	2012
27420	2012
27438	2012
27482	2012
27483	2012
27486	2012
27487	2012
27491	2012
27492	2012
27503	2012
27510	2012
27512	2012
27515	2012
27517	2012
27518	2012
27524	2012
27525	2012
27529	2012
27535	2012
27551	2012
27563	2012
27569	2012
27596	2012
27606	2012
27636	2012
27637	2012
27758	2012
27759	2012
27760	2012
27784	2012
27798	2012
27806	2012
27808	2012
27811	2012
27873	2012
27883	2012
27918	2012
27946	2012
27951	2012
27952	2012
27956	2012
27969	2012
27983	2012
28060	2012
28314	2012
28524	2012
28526	2012
28664	2012
28817	2012
28818	2012
28823	2012
28825	2012
28827	2012
28828	2012
29046	2012
29048	2012
29049	2012
29059	2012
29067	2012
29089	2012
29090	2012
29123	2012
29142	2012
29143	2012
29242	2012
29266	2012
29637	2012
29638	2012
29681	2012
30210	2012
30226	2012
30402	2012
30673	2012
30698	2012
30820	2012
30822	2012
30925	2012
31044	2012
31054	2012
31058	2012
31059	2012
31060	2012
31061	2012
31064	2012
31333	2012
31334	2012
31335	2012
31341	2012
31346	2012
31352	2012
31353	2012
31356	2012
31358	2012
31359	2012
31360	2012
31361	2012
31364	2012
31365	2012
31366	2012
31375	2012
31383	2012
31384	2012
31385	2012
31390	2012
31399	2012
31416	2012
31423	2012
31424	2012
31426	2012
31427	2012
31429	2012
31432	2012
31433	2012
31434	2012
31435	2012
31436	2012
31437	2012
31438	2012
31439	2012
31446	2012
31448	2012
32104	2012
32115	2012
32126	2012
32173	2012
32175	2012
32176	2012
32177	2012
32179	2012
32194	2012
32206	2012
32207	2012
32208	2012
32211	2012
32213	2012
32239	2012
32247	2012
32248	2012
32249	2012
32250	2012
32251	2012
32252	2012
32254	2012
32255	2012
32256	2012
32257	2012
32258	2012
32261	2012
32263	2012
32312	2012
32314	2012
32325	2012
32328	2012
32329	2012
32330	2012
32331	2012
32333	2012
32334	2012
32336	2012
32361	2012
32362	2012
32363	2012
32364	2012
32367	2012
32370	2012
32372	2012
32392	2012
32400	2012
32401	2012
32403	2012
32404	2012
32405	2012
32406	2012
32428	2012
47983	2012
47984	2012
7142	2013
7170	2013
8228	2013
9537	2013
16629	2013
25842	2013
26001	2013
26907	2013
26909	2013
26910	2013
26981	2013
26982	2013
27203	2013
27561	2013
28203	2013
29223	2013
29270	2013
29271	2013
29272	2013
29273	2013
29274	2013
29309	2013
29317	2013
29356	2013
29358	2013
29388	2013
29490	2013
29533	2013
29564	2013
29568	2013
29657	2013
29752	2013
29754	2013
29992	2013
29994	2013
29995	2013
29997	2013
29999	2013
30000	2013
30001	2013
30023	2013
30037	2013
30040	2013
30053	2013
30062	2013
30093	2013
30130	2013
30132	2013
30160	2013
30176	2013
30245	2013
30333	2013
30345	2013
30347	2013
30463	2013
30515	2013
30541	2013
30608	2013
30642	2013
30645	2013
30691	2013
30728	2013
30729	2013
30757	2013
30766	2013
30767	2013
30783	2013
30791	2013
30815	2013
30816	2013
30846	2013
30859	2013
30883	2013
30887	2013
30888	2013
30905	2013
30906	2013
30907	2013
30915	2013
30927	2013
30928	2013
30952	2013
30956	2013
30957	2013
30977	2013
30979	2013
30980	2013
30987	2013
30993	2013
30994	2013
30995	2013
30996	2013
30997	2013
30998	2013
30999	2013
31000	2013
31001	2013
31002	2013
31003	2013
31005	2013
31006	2013
31007	2013
31008	2013
31009	2013
31010	2013
31011	2013
31013	2013
31014	2013
31015	2013
31016	2013
31017	2013
31018	2013
31019	2013
31020	2013
31021	2013
31022	2013
31023	2013
31024	2013
31025	2013
31026	2013
31038	2013
31040	2013
31041	2013
31042	2013
31043	2013
31045	2013
31047	2013
31049	2013
31055	2013
31057	2013
31066	2013
31072	2013
31079	2013
31081	2013
31082	2013
31100	2013
31101	2013
31142	2013
31143	2013
31156	2013
31195	2013
31213	2013
31247	2013
31259	2013
31329	2013
31332	2013
31368	2013
31380	2013
31382	2013
31387	2013
31389	2013
31394	2013
31395	2013
31400	2013
31401	2013
31402	2013
31409	2013
31411	2013
31417	2013
31457	2013
31458	2013
31461	2013
31473	2013
31474	2013
31490	2013
31493	2013
31496	2013
31500	2013
31502	2013
31509	2013
31511	2013
31512	2013
31515	2013
31516	2013
31517	2013
31518	2013
31519	2013
31522	2013
31523	2013
31531	2013
31532	2013
31553	2013
31556	2013
31567	2013
31573	2013
31574	2013
31575	2013
31576	2013
31600	2013
31614	2013
31618	2013
31619	2013
31621	2013
31622	2013
31629	2013
31630	2013
31631	2013
31636	2013
31652	2013
31654	2013
31657	2013
31698	2013
31701	2013
31726	2013
31744	2013
31756	2013
31757	2013
31766	2013
31779	2013
31788	2013
31789	2013
31813	2013
31814	2013
31815	2013
31832	2013
31836	2013
31851	2013
31936	2013
31975	2013
32001	2013
32002	2013
32011	2013
32281	2013
32283	2013
32294	2013
32295	2013
32301	2013
32306	2013
32341	2013
32342	2013
32360	2013
32366	2013
32369	2013
32371	2013
32519	2013
32520	2013
32542	2013
32543	2013
32544	2013
32545	2013
32546	2013
32547	2013
32593	2013
32628	2013
32629	2013
32631	2013
32632	2013
32633	2013
32634	2013
32635	2013
32636	2013
32637	2013
32638	2013
32639	2013
32640	2013
32641	2013
32642	2013
32643	2013
32644	2013
32647	2013
32648	2013
32649	2013
32650	2013
32651	2013
32652	2013
32653	2013
32654	2013
32655	2013
32656	2013
32657	2013
32658	2013
32659	2013
32660	2013
32662	2013
32663	2013
32665	2013
32666	2013
32668	2013
32669	2013
32670	2013
32671	2013
32672	2013
32673	2013
32674	2013
32675	2013
32676	2013
32677	2013
32678	2013
32679	2013
32680	2013
32681	2013
32682	2013
32683	2013
32684	2013
32702	2013
32703	2013
32704	2013
32705	2013
32706	2013
32707	2013
32708	2013
32710	2013
32712	2013
32714	2013
32716	2013
32795	2013
32796	2013
32797	2013
32798	2013
33112	2013
33201	2013
33202	2013
33209	2013
33216	2013
33217	2013
33218	2013
33219	2013
33220	2013
33246	2013
33247	2013
33248	2013
33253	2013
33254	2013
33255	2013
33256	2013
33257	2013
33262	2013
33263	2013
33264	2013
33265	2013
33269	2013
33270	2013
33302	2013
33303	2013
33304	2013
33305	2013
33306	2013
33320	2013
33321	2013
33322	2013
33323	2013
33373	2013
33374	2013
33396	2013
33397	2013
33398	2013
33401	2013
33402	2013
33403	2013
33404	2013
33405	2013
33561	2013
33563	2013
33573	2013
33576	2013
33577	2013
33578	2013
33579	2013
33580	2013
33581	2013
33583	2013
33584	2013
33723	2013
33725	2013
33726	2013
33727	2013
33729	2013
33730	2013
33731	2013
33732	2013
33733	2013
33734	2013
33735	2013
33736	2013
33756	2013
33758	2013
33774	2013
33775	2013
33803	2013
33804	2013
33805	2013
33807	2013
33839	2013
33841	2013
33843	2013
33844	2013
33848	2013
33850	2013
33851	2013
33852	2013
33855	2013
33856	2013
33859	2013
33866	2013
33875	2013
33876	2013
33954	2013
33958	2013
33961	2013
33963	2013
33965	2013
33977	2013
33978	2013
33979	2013
33980	2013
33982	2013
33983	2013
33985	2013
33986	2013
33988	2013
33990	2013
33991	2013
33993	2013
33994	2013
33995	2013
34000	2013
34001	2013
34003	2013
34004	2013
34005	2013
34006	2013
34007	2013
34008	2013
34010	2013
34011	2013
34012	2013
34013	2013
34022	2013
34023	2013
34024	2013
34025	2013
34026	2013
34027	2013
34028	2013
34029	2013
34030	2013
34031	2013
34032	2013
34033	2013
34034	2013
34035	2013
34036	2013
34038	2013
34039	2013
34041	2013
34042	2013
34043	2013
34044	2013
34045	2013
34048	2013
34049	2013
34050	2013
34051	2013
34052	2013
34053	2013
34054	2013
34055	2013
34056	2013
34057	2013
34058	2013
34059	2013
34060	2013
34061	2013
34062	2013
34063	2013
34064	2013
34074	2013
34079	2013
34080	2013
34081	2013
34082	2013
34083	2013
34084	2013
34085	2013
34086	2013
34087	2013
34088	2013
34089	2013
34090	2013
34091	2013
34092	2013
34093	2013
34094	2013
34095	2013
34096	2013
34097	2013
34098	2013
34099	2013
34100	2013
34101	2013
34102	2013
34103	2013
34132	2013
34135	2013
34136	2013
34138	2013
34140	2013
34141	2013
34142	2013
34179	2013
34181	2013
34182	2013
34184	2013
34185	2013
34186	2013
34187	2013
34188	2013
34189	2013
34190	2013
34204	2013
34206	2013
34207	2013
34208	2013
34209	2013
34210	2013
34211	2013
34212	2013
34213	2013
34214	2013
34219	2013
34221	2013
34224	2013
34227	2013
34229	2013
34232	2013
34234	2013
34236	2013
34237	2013
34238	2013
34239	2013
34277	2013
34279	2013
34280	2013
34281	2013
34282	2013
34283	2013
34284	2013
34285	2013
34286	2013
34287	2013
34296	2013
34303	2013
34306	2013
34309	2013
34310	2013
34313	2013
34314	2013
34315	2013
34317	2013
34318	2013
34319	2013
34320	2013
34321	2013
34383	2013
34384	2013
34385	2013
34386	2013
34387	2013
34388	2013
34389	2013
34390	2013
34391	2013
34392	2013
34393	2013
34394	2013
34395	2013
34396	2013
34397	2013
34398	2013
34399	2013
34400	2013
34401	2013
34402	2013
34403	2013
34404	2013
34405	2013
34406	2013
34407	2013
34408	2013
34409	2013
34410	2013
34411	2013
34412	2013
34413	2013
34423	2013
34424	2013
34428	2013
34429	2013
34430	2013
34434	2013
34437	2013
34438	2013
34439	2013
34440	2013
34442	2013
34443	2013
34453	2013
34459	2013
34460	2013
34464	2013
34465	2013
34470	2013
34474	2013
34476	2013
34479	2013
34481	2013
34485	2013
34486	2013
34487	2013
34488	2013
34492	2013
34498	2013
34501	2013
34516	2013
34517	2013
34519	2013
34520	2013
34524	2013
34525	2013
34526	2013
34527	2013
34528	2013
34529	2013
34530	2013
34531	2013
34532	2013
34535	2013
34537	2013
34540	2013
34541	2013
34602	2013
34603	2013
34605	2013
34695	2013
34696	2013
34697	2013
34698	2013
34699	2013
34840	2013
34841	2013
34842	2013
34845	2013
34846	2013
34848	2013
34867	2013
34869	2013
34870	2013
34894	2013
34901	2013
34902	2013
34903	2013
34904	2013
34905	2013
34906	2013
34907	2013
34952	2013
34953	2013
34954	2013
34955	2013
34956	2013
35003	2013
35005	2013
35006	2013
35008	2013
35124	2013
35129	2013
35185	2013
35186	2013
35187	2013
35188	2013
35189	2013
35246	2013
35274	2013
35275	2013
35277	2013
35278	2013
35279	2013
35280	2013
35281	2013
35282	2013
35283	2013
35351	2013
35372	2013
35499	2013
35533	2013
35535	2013
35536	2013
35537	2013
35545	2013
35546	2013
35547	2013
35549	2013
35593	2013
35594	2013
35608	2013
35609	2013
35611	2013
35645	2013
35646	2013
35647	2013
35649	2013
35650	2013
35653	2013
35673	2013
35674	2013
35675	2013
35676	2013
35677	2013
35678	2013
35720	2013
35721	2013
35722	2013
35723	2013
35724	2013
35725	2013
35726	2013
35727	2013
35840	2013
36071	2013
36072	2013
36073	2013
36088	2013
36090	2013
36208	2013
36301	2013
36410	2013
36411	2013
36412	2013
36414	2013
36415	2013
36417	2013
36421	2013
36422	2013
36459	2013
36460	2013
36461	2013
36462	2013
36463	2013
36464	2013
36465	2013
36478	2013
36479	2013
36480	2013
36481	2013
36504	2013
36505	2013
36506	2013
36507	2013
36508	2013
36510	2013
36511	2013
36512	2013
36533	2013
36534	2013
36536	2013
36537	2013
36538	2013
36539	2013
36541	2013
36544	2013
36546	2013
36547	2013
36548	2013
36551	2013
36552	2013
36553	2013
36554	2013
36555	2013
36556	2013
36557	2013
36558	2013
36567	2013
36568	2013
36569	2013
36572	2013
36573	2013
36574	2013
36575	2013
36576	2013
36577	2013
36580	2013
36581	2013
36582	2013
36583	2013
36584	2013
36585	2013
36586	2013
36587	2013
36589	2013
36591	2013
36596	2013
36603	2013
36604	2013
36606	2013
36607	2013
36608	2013
36609	2013
36610	2013
36612	2013
36614	2013
36618	2013
36619	2013
36621	2013
36622	2013
36623	2013
36624	2013
36626	2013
36643	2013
36644	2013
36645	2013
36647	2013
36648	2013
36662	2013
36718	2013
36720	2013
36783	2013
36785	2013
36786	2013
36788	2013
36789	2013
36790	2013
36792	2013
36793	2013
36943	2013
36945	2013
37150	2013
37165	2013
37173	2013
37185	2013
37534	2013
37536	2013
37556	2013
37559	2013
37747	2013
37750	2013
37751	2013
37753	2013
37754	2013
37755	2013
37758	2013
37780	2013
37781	2013
37784	2013
37785	2013
37796	2013
37838	2013
37887	2013
37923	2013
37942	2013
37988	2013
38029	2013
38030	2013
38051	2013
38275	2013
38311	2013
38315	2013
38318	2013
38322	2013
38344	2013
38345	2013
38348	2013
38368	2013
38370	2013
38371	2013
38437	2013
38440	2013
38441	2013
38557	2013
38560	2013
38561	2013
38562	2013
38563	2013
39071	2013
39073	2013
39074	2013
39124	2013
39468	2013
39543	2013
39570	2013
39574	2013
39576	2013
39577	2013
40023	2013
40051	2013
221	2014
619	2014
1315	2014
2154	2014
2170	2014
3222	2014
3695	2014
3713	2014
3939	2014
5437	2014
6247	2014
6603	2014
8561	2014
9285	2014
9378	2014
9701	2014
9714	2014
9739	2014
10121	2014
11545	2014
11629	2014
11715	2014
11875	2014
11893	2014
12263	2014
12267	2014
12271	2014
12416	2014
12964	2014
13007	2014
13331	2014
13635	2014
16270	2014
16384	2014
16898	2014
17224	2014
17420	2014
17424	2014
17425	2014
17901	2014
18091	2014
18180	2014
18186	2014
18387	2014
18483	2014
18514	2014
18800	2014
19903	2014
19931	2014
19952	2014
19953	2014
20125	2014
20146	2014
20311	2014
20378	2014
20665	2014
20770	2014
20774	2014
20984	2014
20985	2014
21020	2014
21021	2014
21617	2014
21633	2014
21844	2014
21984	2014
22109	2014
22116	2014
22640	2014
22641	2014
23346	2014
23451	2014
23467	2014
23519	2014
23527	2014
23545	2014
25862	2014
25950	2014
25952	2014
25992	2014
26295	2014
26315	2014
26316	2014
26434	2014
26437	2014
26519	2014
26537	2014
26693	2014
26705	2014
26707	2014
27238	2014
27387	2014
27388	2014
27774	2014
27775	2014
28156	2014
28335	2014
28437	2014
29140	2014
30080	2014
30171	2014
31381	2014
31793	2014
32174	2014
32282	2014
32412	2014
33757	2014
33989	2014
33997	2014
33998	2014
33999	2014
34002	2014
34114	2014
34115	2014
34116	2014
34117	2014
34119	2014
34374	2014
34381	2014
34420	2014
34458	2014
34500	2014
34508	2014
34513	2014
34561	2014
34575	2014
34581	2014
34582	2014
34595	2014
34596	2014
34609	2014
34621	2014
34630	2014
34640	2014
34656	2014
34657	2014
34658	2014
34670	2014
34678	2014
34679	2014
34824	2014
34828	2014
34830	2014
34831	2014
34832	2014
34834	2014
34835	2014
34836	2014
34837	2014
34838	2014
34839	2014
34851	2014
34915	2014
34916	2014
34917	2014
34929	2014
34932	2014
34933	2014
34978	2014
34984	2014
34985	2014
34986	2014
35004	2014
35007	2014
35018	2014
35019	2014
35053	2014
35061	2014
35066	2014
35067	2014
35078	2014
35085	2014
35113	2014
35126	2014
35127	2014
35156	2014
35162	2014
35163	2014
35164	2014
35166	2014
35167	2014
35173	2014
35176	2014
35198	2014
35284	2014
35289	2014
35293	2014
35335	2014
35340	2014
35356	2014
35359	2014
35426	2014
35429	2014
35432	2014
35433	2014
35435	2014
35436	2014
35437	2014
35438	2014
35441	2014
35445	2014
35446	2014
35447	2014
35449	2014
35459	2014
35463	2014
35466	2014
35467	2014
35468	2014
35470	2014
35556	2014
35557	2014
35559	2014
35612	2014
35613	2014
35614	2014
35654	2014
35656	2014
35658	2014
35659	2014
35660	2014
35661	2014
35663	2014
35666	2014
35667	2014
35670	2014
35671	2014
35679	2014
35692	2014
35695	2014
35719	2014
35729	2014
35790	2014
35818	2014
35822	2014
35833	2014
35835	2014
35837	2014
35838	2014
35858	2014
35859	2014
35860	2014
35868	2014
35869	2014
35888	2014
35897	2014
35898	2014
35899	2014
35900	2014
35901	2014
35902	2014
35914	2014
35916	2014
35917	2014
35918	2014
35923	2014
35934	2014
35935	2014
35938	2014
35940	2014
35952	2014
35953	2014
35955	2014
35964	2014
35965	2014
35966	2014
35967	2014
35969	2014
35972	2014
35974	2014
35975	2014
35992	2014
36002	2014
36005	2014
36007	2014
36008	2014
36018	2014
36019	2014
36070	2014
36093	2014
36108	2014
36127	2014
36148	2014
36176	2014
36184	2014
36193	2014
36211	2014
36214	2014
36226	2014
36227	2014
36228	2014
36306	2014
36313	2014
36314	2014
36318	2014
36345	2014
36349	2014
36354	2014
36358	2014
36366	2014
36367	2014
36371	2014
36373	2014
36382	2014
36391	2014
36392	2014
36394	2014
36395	2014
36396	2014
36397	2014
36398	2014
36399	2014
36401	2014
36402	2014
36408	2014
36416	2014
36484	2014
36486	2014
36487	2014
36488	2014
36489	2014
36490	2014
36491	2014
36492	2014
36494	2014
36514	2014
36515	2014
36520	2014
36523	2014
36542	2014
36561	2014
36595	2014
36659	2014
36660	2014
36701	2014
36735	2014
36738	2014
36739	2014
36743	2014
36794	2014
36795	2014
36796	2014
36797	2014
36798	2014
36799	2014
36978	2014
36979	2014
36980	2014
36981	2014
36982	2014
36985	2014
36986	2014
36988	2014
37115	2014
38114	2014
38524	2014
38525	2014
38526	2014
38527	2014
38529	2014
38531	2014
38822	2014
38827	2014
39569	2014
39571	2014
39578	2014
39579	2014
39625	2014
39627	2014
39628	2014
39629	2014
39630	2014
39631	2014
39650	2014
39651	2014
39652	2014
39653	2014
39654	2014
39655	2014
39656	2014
39657	2014
39658	2014
39659	2014
39663	2014
39664	2014
39665	2014
39666	2014
39685	2014
39686	2014
39687	2014
39788	2014
39803	2014
39804	2014
39839	2014
39840	2014
39845	2014
39846	2014
39847	2014
39848	2014
39849	2014
39966	2014
40006	2014
40019	2014
40021	2014
40022	2014
40034	2014
40048	2014
40049	2014
40050	2014
40063	2014
40065	2014
40066	2014
40067	2014
40068	2014
40069	2014
40070	2014
40071	2014
40072	2014
40094	2014
40129	2014
40130	2014
40188	2014
40189	2014
40190	2014
40192	2014
40193	2014
40194	2014
40195	2014
40196	2014
40206	2014
40248	2014
40332	2014
40335	2014
40353	2014
40376	2014
40404	2014
40405	2014
40407	2014
40467	2014
40468	2014
40469	2014
40478	2014
40479	2014
40485	2014
40487	2014
40493	2014
40546	2014
40547	2014
40554	2014
40588	2014
40592	2014
40604	2014
40605	2014
40606	2014
40609	2014
40611	2014
40613	2014
40615	2014
40616	2014
40617	2014
40618	2014
40619	2014
40620	2014
40622	2014
40663	2014
40664	2014
40671	2014
40672	2014
40674	2014
40676	2014
40703	2014
40708	2014
40710	2014
40711	2014
40713	2014
40714	2014
40856	2014
40869	2014
40870	2014
40871	2014
40872	2014
40873	2014
40875	2014
40878	2014
41079	2014
41086	2014
41221	2014
41262	2014
41265	2014
41266	2014
41267	2014
41268	2014
41269	2014
41270	2014
41271	2014
41272	2014
41273	2014
41294	2014
41295	2014
41296	2014
41300	2014
41301	2014
41302	2014
41303	2014
41305	2014
41306	2014
41307	2014
41308	2014
41309	2014
41310	2014
41334	2014
41337	2014
41338	2014
41339	2014
41340	2014
41341	2014
41361	2014
41368	2014
41390	2014
41394	2014
41395	2014
41397	2014
41398	2014
41429	2014
41434	2014
41439	2014
41440	2014
41503	2014
41504	2014
41505	2014
41506	2014
41507	2014
41510	2014
41511	2014
41518	2014
41520	2014
41527	2014
41528	2014
41529	2014
41530	2014
41536	2014
41537	2014
41539	2014
41540	2014
41544	2014
41545	2014
41572	2014
41573	2014
41602	2014
41608	2014
41621	2014
41632	2014
41635	2014
41638	2014
41640	2014
41643	2014
41644	2014
41645	2014
41648	2014
41652	2014
41654	2014
41655	2014
41668	2014
41670	2014
41672	2014
41673	2014
41679	2014
41680	2014
41682	2014
41683	2014
41684	2014
41688	2014
41712	2014
41713	2014
41734	2014
41737	2014
41759	2014
41760	2014
41775	2014
41776	2014
41777	2014
41779	2014
41781	2014
41784	2014
41799	2014
41800	2014
41801	2014
41802	2014
41803	2014
41804	2014
41805	2014
41806	2014
41859	2014
41860	2014
41861	2014
41862	2014
41863	2014
41864	2014
41905	2014
41906	2014
41908	2014
41909	2014
41910	2014
41934	2014
41938	2014
41940	2014
41946	2014
41949	2014
41950	2014
41951	2014
41952	2014
41960	2014
41961	2014
41963	2014
41965	2014
41966	2014
41967	2014
41969	2014
41970	2014
41971	2014
41972	2014
41973	2014
41974	2014
41976	2014
41977	2014
41978	2014
41979	2014
41993	2014
41994	2014
41995	2014
41996	2014
41997	2014
41998	2014
42000	2014
42044	2014
42047	2014
42048	2014
42049	2014
42050	2014
42051	2014
42052	2014
42149	2014
42168	2014
42178	2014
42180	2014
42191	2014
42348	2014
42349	2014
42350	2014
42351	2014
42352	2014
42353	2014
42354	2014
42355	2014
42356	2014
42357	2014
42358	2014
42359	2014
42360	2014
42361	2014
42362	2014
42363	2014
42366	2014
42367	2014
42368	2014
42369	2014
42370	2014
42371	2014
42374	2014
42375	2014
42377	2014
42378	2014
42380	2014
42381	2014
42382	2014
42384	2014
42385	2014
42386	2014
42387	2014
42388	2014
42389	2014
42390	2014
42391	2014
42392	2014
42393	2014
42394	2014
42395	2014
42398	2014
42399	2014
42403	2014
42404	2014
42406	2014
42407	2014
42408	2014
42409	2014
42411	2014
42412	2014
42414	2014
42415	2014
42416	2014
42417	2014
42418	2014
42419	2014
42420	2014
42421	2014
42422	2014
42423	2014
42424	2014
42425	2014
42426	2014
42427	2014
42428	2014
42429	2014
42430	2014
42432	2014
42433	2014
42434	2014
42435	2014
42436	2014
42437	2014
42438	2014
42439	2014
42440	2014
42441	2014
42442	2014
42443	2014
42444	2014
42445	2014
42446	2014
42447	2014
42448	2014
42449	2014
42450	2014
42451	2014
16949	2015
21761	2015
21857	2015
22423	2015
26633	2015
29545	2015
35086	2015
36695	2015
36696	2015
36697	2015
36698	2015
36699	2015
39698	2015
39714	2015
39723	2015
39736	2015
39738	2015
39739	2015
39741	2015
39742	2015
39745	2015
39746	2015
39777	2015
39782	2015
39783	2015
39784	2015
39795	2015
39799	2015
39801	2015
39854	2015
39855	2015
39856	2015
39859	2015
39860	2015
39872	2015
39873	2015
39875	2015
39877	2015
39878	2015
39879	2015
39895	2015
39905	2015
39968	2015
39969	2015
39975	2015
39977	2015
39978	2015
39980	2015
39988	2015
39989	2015
39991	2015
39993	2015
39995	2015
40035	2015
40054	2015
40059	2015
40080	2015
40081	2015
40202	2015
40203	2015
40236	2015
40237	2015
40238	2015
40239	2015
40240	2015
40321	2015
40328	2015
40330	2015
40333	2015
40336	2015
40338	2015
40339	2015
40340	2015
40341	2015
40342	2015
40343	2015
40344	2015
40347	2015
40352	2015
40358	2015
40359	2015
40361	2015
40367	2015
40368	2015
40372	2015
40374	2015
40375	2015
40389	2015
40423	2015
40430	2015
40432	2015
40433	2015
40436	2015
40453	2015
40489	2015
40490	2015
40499	2015
40501	2015
40502	2015
40503	2015
40511	2015
40598	2015
40599	2015
40600	2015
40601	2015
40631	2015
40646	2015
40648	2015
40653	2015
40656	2015
40657	2015
40670	2015
40673	2015
40679	2015
40681	2015
40682	2015
40683	2015
40686	2015
40687	2015
40688	2015
40689	2015
40690	2015
40691	2015
40692	2015
40693	2015
40694	2015
40696	2015
40697	2015
40699	2015
40700	2015
40701	2015
40702	2015
40721	2015
40726	2015
40731	2015
40732	2015
40734	2015
40735	2015
40736	2015
40737	2015
40738	2015
40739	2015
40740	2015
40741	2015
40742	2015
40744	2015
40749	2015
40752	2015
40754	2015
40768	2015
40770	2015
40793	2015
40886	2015
40914	2015
40947	2015
40952	2015
40969	2015
40972	2015
40976	2015
40979	2015
40980	2015
40981	2015
40982	2015
40983	2015
40984	2015
41091	2015
41094	2015
41106	2015
41108	2015
41109	2015
41110	2015
41115	2015
41121	2015
41123	2015
41125	2015
41136	2015
41139	2015
41145	2015
41166	2015
41167	2015
41168	2015
41190	2015
41192	2015
41200	2015
41201	2015
41203	2015
41209	2015
41216	2015
41217	2015
41219	2015
41220	2015
41222	2015
41223	2015
41224	2015
41225	2015
41226	2015
41227	2015
41236	2015
41237	2015
41238	2015
41249	2015
41258	2015
41263	2015
41274	2015
41312	2015
41316	2015
41369	2015
41374	2015
41375	2015
41376	2015
41379	2015
41380	2015
41384	2015
41385	2015
41386	2015
41387	2015
41406	2015
41408	2015
41409	2015
41412	2015
41413	2015
41414	2015
41415	2015
41424	2015
41468	2015
41474	2015
41491	2015
41531	2015
41627	2015
41628	2015
41629	2015
41636	2015
42129	2015
42134	2015
42141	2015
42142	2015
42143	2015
42144	2015
42146	2015
42173	2015
42184	2015
42190	2015
42193	2015
42221	2015
42222	2015
42223	2015
42226	2015
42227	2015
42228	2015
42229	2015
42230	2015
42231	2015
42232	2015
42233	2015
42234	2015
42235	2015
42236	2015
42237	2015
42240	2015
42242	2015
42245	2015
42250	2015
42253	2015
42255	2015
42259	2015
42262	2015
42282	2015
42284	2015
42478	2015
42482	2015
42484	2015
42486	2015
42487	2015
42648	2015
42652	2015
42653	2015
42654	2015
42665	2015
42670	2015
42697	2015
42698	2015
42718	2015
42753	2015
42754	2015
42757	2015
42758	2015
42761	2015
42763	2015
42764	2015
42766	2015
42780	2015
42782	2015
42784	2015
42785	2015
42787	2015
42790	2015
42791	2015
42792	2015
42796	2015
42800	2015
42801	2015
42802	2015
42809	2015
42811	2015
42814	2015
42815	2015
42816	2015
42822	2015
42828	2015
42862	2015
42865	2015
42870	2015
42875	2015
42876	2015
42877	2015
42879	2015
42880	2015
42881	2015
42882	2015
42883	2015
42885	2015
42888	2015
42896	2015
42924	2015
42970	2015
42977	2015
42982	2015
42985	2015
42988	2015
42994	2015
43013	2015
43014	2015
43040	2015
43092	2015
43161	2015
43205	2015
43247	2015
43251	2015
43268	2015
43337	2015
43339	2015
43360	2015
43375	2015
43393	2015
43447	2015
43449	2015
43472	2015
43473	2015
43476	2015
43477	2015
43478	2015
43548	2015
43557	2015
43561	2015
43569	2015
43621	2015
43647	2015
43650	2015
43652	2015
43657	2015
43658	2015
43660	2015
43661	2015
43666	2015
43717	2015
43718	2015
43719	2015
43720	2015
43721	2015
43722	2015
43725	2015
43750	2015
43754	2015
43755	2015
43760	2015
43782	2015
43958	2015
43959	2015
43961	2015
43962	2015
43963	2015
43964	2015
43965	2015
43966	2015
43967	2015
43968	2015
43969	2015
43970	2015
43972	2015
43973	2015
43974	2015
43975	2015
43976	2015
43981	2015
43982	2015
43983	2015
43984	2015
43985	2015
43986	2015
43987	2015
43988	2015
43989	2015
43997	2015
44023	2015
44024	2015
44025	2015
44033	2015
44035	2015
44174	2015
44175	2015
44181	2015
44182	2015
44183	2015
44219	2015
44220	2015
44239	2015
44242	2015
44245	2015
44246	2015
44250	2015
44251	2015
44257	2015
44266	2015
44277	2015
44298	2015
44312	2015
44315	2015
44329	2015
44340	2015
44345	2015
44346	2015
44349	2015
44358	2015
44365	2015
47978	2015
47979	2015
1261	2016
1313	2016
12207	2016
12208	2016
12211	2016
12270	2016
12272	2016
16239	2016
16268	2016
16269	2016
16272	2016
16274	2016
16275	2016
16276	2016
16277	2016
16278	2016
16279	2016
16280	2016
16304	2016
16305	2016
16307	2016
16308	2016
16309	2016
16310	2016
16311	2016
16312	2016
16313	2016
16314	2016
16481	2016
16489	2016
16500	2016
16513	2016
16529	2016
16892	2016
16893	2016
17190	2016
17418	2016
17851	2016
17996	2016
20987	2016
21054	2016
21055	2016
21059	2016
21060	2016
21061	2016
21062	2016
21671	2016
21685	2016
21807	2016
21808	2016
21809	2016
21810	2016
22625	2016
23381	2016
23522	2016
25667	2016
25700	2016
26966	2016
26977	2016
29956	2016
29957	2016
29958	2016
30050	2016
30051	2016
30058	2016
30219	2016
30220	2016
30221	2016
30981	2016
30982	2016
31053	2016
31065	2016
31108	2016
31186	2016
31187	2016
31188	2016
31388	2016
33808	2016
33809	2016
33810	2016
34017	2016
34357	2016
34614	2016
34659	2016
35461	2016
35464	2016
35469	2016
35996	2016
36649	2016
36938	2016
36939	2016
36940	2016
36941	2016
36942	2016
36944	2016
36946	2016
36947	2016
37118	2016
39837	2016
39838	2016
39976	2016
40064	2016
40317	2016
40318	2016
40320	2016
40350	2016
40512	2016
40513	2016
40529	2016
40530	2016
40542	2016
40607	2016
40781	2016
40987	2016
41090	2016
41092	2016
41095	2016
41097	2016
41158	2016
41159	2016
41160	2016
41161	2016
41162	2016
41364	2016
41472	2016
42756	2016
42771	2016
42821	2016
42833	2016
43051	2016
43052	2016
43054	2016
43187	2016
43204	2016
43215	2016
43236	2016
43238	2016
43240	2016
43241	2016
43243	2016
43246	2016
43256	2016
43266	2016
43272	2016
43286	2016
43288	2016
43289	2016
43291	2016
43301	2016
43302	2016
43402	2016
43405	2016
43406	2016
43407	2016
43416	2016
43424	2016
43427	2016
43465	2016
43468	2016
43469	2016
43501	2016
43503	2016
43504	2016
43505	2016
43508	2016
43611	2016
43628	2016
43629	2016
43631	2016
43632	2016
43633	2016
43634	2016
43639	2016
43643	2016
43644	2016
43645	2016
43646	2016
43648	2016
43649	2016
43651	2016
43664	2016
43670	2016
43674	2016
43677	2016
43678	2016
43679	2016
43698	2016
43699	2016
43701	2016
43703	2016
43704	2016
43713	2016
43724	2016
43734	2016
43739	2016
43744	2016
43745	2016
43747	2016
43756	2016
43759	2016
43761	2016
43762	2016
43763	2016
43767	2016
43769	2016
43771	2016
43772	2016
43773	2016
43775	2016
43777	2016
43778	2016
43781	2016
43788	2016
43789	2016
43804	2016
43811	2016
43813	2016
43869	2016
43873	2016
43874	2016
43876	2016
43878	2016
43879	2016
43894	2016
43896	2016
43902	2016
43903	2016
43904	2016
43912	2016
43930	2016
43933	2016
43939	2016
43940	2016
43949	2016
44014	2016
44021	2016
44034	2016
44037	2016
44045	2016
44050	2016
44089	2016
44090	2016
44091	2016
44092	2016
44095	2016
44099	2016
44100	2016
44104	2016
44108	2016
44109	2016
44110	2016
44158	2016
44172	2016
44178	2016
44179	2016
44180	2016
44204	2016
44229	2016
44232	2016
44233	2016
44267	2016
44272	2016
44279	2016
44281	2016
44283	2016
44284	2016
44285	2016
44286	2016
44287	2016
44320	2016
44321	2016
44325	2016
44330	2016
44331	2016
44352	2016
44353	2016
44357	2016
44361	2016
44362	2016
44363	2016
44364	2016
44366	2016
44371	2016
44422	2016
44438	2016
44442	2016
44450	2016
44517	2016
44518	2016
44519	2016
44520	2016
44521	2016
44535	2016
44537	2016
44552	2016
44555	2016
44559	2016
44560	2016
44561	2016
44562	2016
44563	2016
44564	2016
44574	2016
44575	2016
44576	2016
44584	2016
44585	2016
44586	2016
44587	2016
44588	2016
44589	2016
44591	2016
44592	2016
44593	2016
44594	2016
44595	2016
44596	2016
44597	2016
44598	2016
44599	2016
44623	2016
44624	2016
44625	2016
44626	2016
44627	2016
44628	2016
44629	2016
44630	2016
44631	2016
44632	2016
44652	2016
44671	2016
44685	2016
44687	2016
44691	2016
44692	2016
44693	2016
44694	2016
44699	2016
44700	2016
44702	2016
44703	2016
44704	2016
44705	2016
44706	2016
44707	2016
44708	2016
44777	2016
44841	2016
44842	2016
44843	2016
44875	2016
44876	2016
44878	2016
44881	2016
44882	2016
44883	2016
44884	2016
44887	2016
44888	2016
44889	2016
44890	2016
44891	2016
44892	2016
44893	2016
45021	2016
45022	2016
45110	2016
45112	2016
45114	2016
45115	2016
45116	2016
45129	2016
45158	2016
45159	2016
45194	2016
45195	2016
45196	2016
45219	2016
45221	2016
45222	2016
45223	2016
45224	2016
45227	2016
45231	2016
45232	2016
45288	2016
45289	2016
45300	2016
45306	2016
45398	2016
45399	2016
45400	2016
45402	2016
45403	2016
45406	2016
45408	2016
45421	2016
45422	2016
45424	2016
45459	2016
45460	2016
45476	2016
45501	2016
528	2017
3203	2017
17843	2017
21263	2017
23017	2017
25980	2017
27180	2017
29311	2017
30129	2017
30465	2017
30466	2017
31078	2017
31136	2017
31442	2017
31494	2017
31495	2017
32293	2017
34433	2017
34934	2017
35425	2017
35852	2017
35870	2017
35871	2017
35872	2017
35945	2017
35977	2017
35980	2017
35984	2017
35988	2017
35991	2017
35993	2017
35994	2017
35997	2017
36003	2017
36004	2017
36006	2017
36009	2017
36010	2017
36011	2017
36012	2017
36015	2017
36016	2017
36026	2017
36102	2017
36210	2017
36348	2017
36364	2017
36761	2017
37207	2017
37212	2017
37302	2017
37375	2017
37710	2017
37842	2017
37844	2017
39633	2017
39743	2017
39744	2017
39750	2017
39789	2017
39829	2017
39870	2017
39871	2017
39874	2017
39876	2017
39880	2017
39906	2017
40095	2017
40099	2017
40322	2017
40323	2017
40337	2017
40351	2017
40901	2017
40948	2017
41113	2017
41137	2017
41199	2017
41235	2017
41365	2017
41366	2017
41381	2017
41382	2017
41383	2017
42365	2017
42372	2017
42383	2017
42410	2017
43456	2017
43457	2017
43458	2017
43948	2017
44156	2017
44252	2017
44276	2017
44280	2017
44282	2017
44288	2017
44601	2017
44633	2017
44638	2017
44645	2017
44646	2017
44647	2017
44656	2017
44657	2017
44658	2017
44659	2017
44660	2017
44661	2017
44662	2017
44663	2017
44664	2017
44665	2017
44666	2017
44667	2017
44668	2017
44669	2017
44670	2017
44672	2017
44673	2017
44674	2017
44675	2017
44676	2017
44677	2017
44678	2017
44679	2017
44681	2017
44682	2017
44683	2017
44709	2017
44710	2017
44711	2017
44712	2017
44713	2017
44714	2017
44715	2017
44716	2017
44717	2017
44718	2017
44719	2017
44720	2017
44721	2017
44722	2017
44723	2017
44724	2017
44725	2017
44726	2017
44728	2017
44729	2017
44730	2017
44731	2017
44732	2017
44733	2017
44734	2017
44735	2017
44736	2017
44737	2017
44738	2017
44739	2017
44740	2017
44741	2017
44742	2017
44743	2017
44744	2017
44745	2017
44746	2017
44747	2017
44749	2017
44750	2017
44751	2017
44752	2017
44753	2017
44754	2017
44755	2017
44756	2017
44757	2017
44758	2017
44759	2017
44760	2017
44761	2017
44762	2017
44763	2017
44764	2017
44765	2017
44766	2017
44767	2017
44769	2017
44770	2017
44771	2017
44772	2017
44773	2017
44774	2017
44775	2017
44776	2017
44778	2017
44779	2017
44780	2017
44781	2017
44782	2017
44783	2017
44784	2017
44785	2017
44786	2017
44787	2017
44788	2017
44789	2017
44790	2017
44791	2017
44792	2017
44793	2017
44794	2017
44795	2017
44796	2017
44797	2017
44798	2017
44799	2017
44800	2017
44801	2017
44802	2017
44803	2017
44804	2017
44805	2017
44806	2017
44807	2017
44808	2017
44809	2017
44810	2017
44811	2017
44812	2017
44813	2017
44814	2017
44815	2017
44816	2017
44817	2017
44818	2017
44819	2017
44820	2017
44821	2017
44822	2017
44823	2017
44824	2017
44825	2017
44826	2017
44827	2017
44828	2017
44829	2017
44830	2017
44831	2017
44832	2017
44833	2017
44834	2017
44835	2017
44836	2017
44837	2017
44838	2017
44839	2017
44840	2017
44844	2017
44845	2017
44846	2017
44847	2017
44848	2017
44849	2017
44850	2017
44851	2017
44853	2017
44854	2017
44855	2017
44856	2017
44857	2017
44858	2017
44859	2017
44860	2017
44861	2017
44862	2017
44863	2017
44864	2017
44866	2017
44867	2017
44868	2017
44869	2017
44870	2017
44871	2017
44872	2017
44873	2017
44874	2017
44879	2017
44880	2017
44894	2017
44895	2017
44896	2017
44897	2017
44898	2017
44899	2017
44900	2017
44901	2017
44902	2017
44903	2017
44904	2017
44905	2017
44906	2017
44907	2017
44908	2017
44909	2017
44910	2017
44911	2017
44912	2017
44913	2017
44914	2017
44915	2017
44916	2017
44917	2017
44918	2017
44919	2017
44920	2017
44921	2017
44922	2017
44923	2017
44924	2017
44925	2017
44926	2017
44927	2017
44928	2017
44929	2017
44930	2017
44931	2017
44932	2017
44933	2017
44934	2017
44935	2017
44936	2017
44937	2017
44938	2017
44939	2017
44940	2017
44941	2017
44942	2017
44943	2017
44944	2017
44945	2017
44946	2017
44947	2017
44948	2017
44949	2017
44950	2017
44951	2017
44952	2017
44953	2017
44954	2017
44955	2017
44956	2017
44957	2017
44958	2017
44959	2017
44960	2017
44961	2017
44962	2017
44963	2017
44964	2017
44965	2017
44966	2017
44967	2017
44968	2017
44969	2017
44970	2017
44971	2017
44972	2017
44973	2017
44974	2017
44975	2017
44976	2017
44977	2017
44978	2017
44979	2017
44980	2017
44981	2017
44984	2017
44985	2017
44986	2017
44987	2017
44988	2017
44989	2017
44990	2017
44991	2017
44992	2017
44993	2017
44994	2017
44995	2017
44996	2017
44997	2017
44998	2017
44999	2017
45000	2017
45001	2017
45002	2017
45003	2017
45004	2017
45005	2017
45006	2017
45007	2017
45008	2017
45009	2017
45010	2017
45011	2017
45012	2017
45013	2017
45014	2017
45015	2017
45016	2017
45017	2017
45018	2017
45019	2017
45020	2017
45026	2017
45027	2017
45028	2017
45029	2017
45030	2017
45031	2017
45032	2017
45033	2017
45034	2017
45035	2017
45036	2017
45037	2017
45038	2017
45039	2017
45040	2017
45041	2017
45042	2017
45043	2017
45044	2017
45045	2017
45046	2017
45047	2017
45048	2017
45049	2017
45050	2017
45051	2017
45052	2017
45053	2017
45054	2017
45055	2017
45057	2017
45058	2017
45059	2017
45060	2017
45061	2017
45062	2017
45063	2017
45064	2017
45065	2017
45066	2017
45067	2017
45068	2017
45069	2017
45070	2017
45071	2017
45072	2017
45073	2017
45074	2017
45075	2017
45076	2017
45077	2017
45078	2017
45079	2017
45080	2017
45081	2017
45082	2017
45083	2017
45084	2017
45085	2017
45086	2017
45087	2017
45088	2017
45089	2017
45090	2017
45091	2017
45092	2017
45093	2017
45094	2017
45095	2017
45096	2017
45097	2017
45098	2017
45099	2017
45100	2017
45101	2017
45102	2017
45103	2017
45104	2017
45105	2017
45107	2017
45108	2017
45109	2017
45111	2017
45113	2017
45117	2017
45118	2017
45119	2017
45120	2017
45121	2017
45122	2017
45125	2017
45126	2017
45128	2017
45130	2017
45131	2017
45132	2017
45133	2017
45134	2017
45135	2017
45136	2017
45137	2017
45138	2017
45139	2017
45140	2017
45141	2017
45142	2017
45143	2017
45144	2017
45145	2017
45146	2017
45147	2017
45148	2017
45149	2017
45151	2017
45152	2017
45153	2017
45154	2017
45160	2017
45162	2017
45163	2017
45164	2017
45165	2017
45166	2017
45167	2017
45168	2017
45169	2017
45170	2017
45171	2017
45172	2017
45173	2017
45174	2017
45175	2017
45176	2017
45177	2017
45178	2017
45179	2017
45180	2017
45181	2017
45182	2017
45184	2017
45185	2017
45186	2017
45187	2017
45188	2017
45189	2017
45190	2017
45191	2017
45192	2017
45193	2017
45197	2017
45198	2017
45199	2017
45200	2017
45201	2017
45202	2017
45203	2017
45204	2017
45205	2017
45206	2017
45207	2017
45208	2017
45209	2017
45210	2017
45211	2017
45212	2017
45213	2017
45214	2017
45215	2017
45216	2017
45218	2017
45225	2017
45226	2017
45228	2017
45229	2017
45230	2017
45233	2017
45234	2017
45235	2017
45236	2017
45237	2017
45238	2017
45239	2017
45242	2017
45243	2017
45245	2017
45246	2017
45247	2017
45248	2017
45249	2017
45250	2017
45251	2017
45252	2017
45253	2017
45254	2017
45255	2017
45256	2017
45257	2017
45258	2017
45259	2017
45260	2017
45262	2017
45263	2017
45264	2017
45265	2017
45266	2017
45267	2017
45268	2017
45269	2017
45270	2017
45271	2017
45272	2017
45273	2017
45274	2017
45275	2017
45276	2017
45277	2017
45278	2017
45279	2017
45280	2017
45281	2017
45282	2017
45283	2017
45284	2017
45290	2017
45291	2017
45292	2017
45293	2017
45294	2017
45295	2017
45296	2017
45297	2017
45298	2017
45299	2017
45301	2017
45302	2017
45303	2017
45304	2017
45305	2017
45307	2017
45308	2017
45309	2017
45310	2017
45311	2017
45312	2017
45313	2017
45314	2017
45315	2017
45316	2017
45317	2017
45318	2017
45319	2017
45320	2017
45321	2017
45322	2017
45323	2017
45324	2017
45325	2017
45326	2017
45327	2017
45329	2017
45330	2017
45331	2017
45332	2017
45333	2017
45334	2017
45335	2017
45336	2017
45337	2017
45338	2017
45339	2017
45340	2017
45341	2017
45342	2017
45343	2017
45344	2017
45348	2017
45349	2017
45350	2017
45351	2017
45353	2017
45354	2017
45355	2017
45358	2017
45360	2017
45361	2017
45362	2017
45364	2017
45365	2017
45366	2017
45367	2017
45368	2017
45369	2017
45370	2017
45371	2017
45375	2017
45376	2017
45377	2017
45378	2017
45379	2017
45380	2017
45381	2017
45382	2017
45386	2017
45387	2017
45388	2017
45389	2017
45419	2017
45425	2017
45426	2017
45427	2017
45428	2017
45429	2017
45430	2017
45431	2017
45432	2017
45433	2017
45434	2017
45435	2017
45436	2017
45437	2017
45438	2017
45439	2017
45442	2017
45443	2017
45444	2017
45445	2017
45446	2017
45447	2017
45448	2017
45449	2017
45450	2017
45451	2017
45452	2017
45453	2017
45454	2017
45458	2017
45461	2017
45462	2017
45463	2017
45464	2017
45465	2017
45466	2017
45467	2017
45481	2017
45486	2017
45487	2017
45489	2017
45499	2017
45500	2017
45502	2017
45503	2017
45504	2017
45511	2017
45512	2017
45515	2017
45516	2017
45517	2017
45518	2017
45519	2017
45520	2017
45521	2017
45522	2017
45523	2017
45525	2017
45527	2017
45528	2017
45530	2017
45531	2017
45532	2017
45533	2017
45534	2017
45535	2017
45536	2017
45537	2017
45538	2017
45539	2017
45540	2017
45541	2017
45542	2017
45543	2017
45545	2017
45564	2017
45565	2017
45567	2017
45568	2017
45569	2017
45570	2017
45571	2017
45572	2017
45573	2017
45632	2017
45633	2017
45634	2017
45635	2017
45656	2017
45657	2017
45658	2017
45660	2017
45689	2017
45761	2017
45917	2017
45921	2017
45922	2017
45923	2017
45950	2017
45951	2017
45952	2017
45953	2017
45954	2017
45955	2017
45956	2017
45957	2017
45958	2017
45959	2017
45960	2017
45962	2017
45963	2017
45979	2017
45993	2017
45994	2017
45998	2017
45999	2017
46000	2017
46001	2017
46247	2017
46248	2017
46250	2017
46252	2017
46254	2017
46255	2017
46256	2017
46257	2017
46259	2017
46260	2017
46313	2017
47409	2017
47410	2017
47411	2017
47412	2017
47413	2017
47414	2017
47415	2017
47416	2017
47417	2017
47418	2017
47419	2017
47421	2017
47422	2017
47423	2017
47426	2017
47427	2017
47429	2017
47430	2017
47431	2017
47432	2017
47433	2017
47434	2017
47435	2017
47470	2017
47471	2017
47472	2017
47473	2017
47484	2017
47485	2017
47486	2017
47487	2017
47488	2017
47489	2017
47490	2017
47491	2017
47500	2017
47506	2017
47509	2017
47514	2017
47536	2017
47537	2017
47538	2017
47539	2017
47540	2017
47542	2017
47543	2017
47626	2017
47628	2017
47630	2017
47631	2017
47633	2017
47635	2017
47758	2017
47759	2017
47760	2017
47761	2017
47762	2017
47774	2017
47775	2017
47778	2017
47784	2017
47828	2017
47829	2017
47830	2017
47833	2017
47834	2017
47836	2017
47838	2017
47905	2017
47908	2017
47911	2017
47912	2017
47914	2017
47924	2017
47929	2017
47949	2017
47950	2017
47951	2017
47952	2017
47953	2017
47954	2017
47955	2017
47956	2017
47957	2017
47958	2017
47961	2017
47963	2017
47964	2017
47966	2017
47967	2017
47969	2017
47970	2017
47971	2017
47972	2017
47973	2017
47975	2017
47976	2017
47977	2017
47988	2017
48025	2017
48026	2017
48050	2017
48051	2017
48062	2017
48063	2017
48085	2017
48097	2017
48098	2017
48099	2017
48100	2017
48101	2017
48102	2017
48103	2017
48104	2017
48105	2017
48107	2017
48108	2017
48109	2017
48110	2017
48111	2017
48112	2017
48113	2017
48122	2017
48123	2017
48124	2017
48125	2017
48126	2017
48127	2017
48128	2017
48129	2017
48130	2017
48131	2017
48132	2017
48133	2017
48134	2017
48135	2017
48136	2017
48137	2017
48138	2017
48139	2017
48140	2017
48150	2017
48151	2017
48152	2017
48153	2017
48154	2017
48155	2017
48156	2017
48157	2017
48168	2017
48169	2017
48170	2017
48171	2017
48172	2017
48173	2017
48174	2017
48175	2017
48176	2017
48177	2017
48178	2017
48179	2017
48180	2017
48181	2017
48185	2017
45916	2018
45918	2018
45940	2018
45941	2018
45949	2018
45964	2018
45965	2018
45967	2018
45968	2018
45969	2018
45970	2018
45971	2018
45972	2018
45973	2018
45974	2018
45976	2018
45980	2018
45981	2018
45982	2018
45983	2018
45984	2018
45985	2018
45986	2018
45987	2018
46006	2018
46007	2018
46008	2018
46009	2018
46010	2018
46011	2018
46012	2018
46013	2018
46015	2018
46019	2018
46020	2018
46021	2018
46022	2018
46023	2018
46024	2018
46025	2018
46026	2018
46027	2018
46028	2018
46029	2018
46030	2018
46031	2018
46032	2018
46034	2018
46035	2018
46036	2018
46037	2018
46038	2018
46039	2018
46041	2018
46042	2018
46043	2018
46044	2018
46045	2018
46046	2018
46047	2018
46048	2018
46049	2018
46050	2018
46235	2018
46236	2018
46237	2018
46238	2018
46239	2018
46240	2018
46241	2018
46242	2018
46243	2018
46246	2018
46263	2018
46264	2018
46265	2018
46266	2018
46267	2018
46268	2018
46271	2018
46272	2018
46273	2018
46274	2018
46275	2018
46276	2018
46277	2018
46278	2018
46279	2018
46280	2018
46281	2018
46282	2018
46283	2018
46284	2018
46285	2018
46286	2018
46287	2018
46288	2018
46290	2018
46291	2018
46292	2018
46293	2018
46294	2018
46295	2018
46296	2018
46297	2018
46298	2018
46299	2018
46304	2018
46305	2018
46306	2018
46307	2018
46308	2018
46309	2018
46311	2018
46312	2018
46314	2018
46315	2018
46316	2018
46317	2018
46318	2018
47317	2018
47318	2018
47319	2018
47320	2018
47321	2018
47322	2018
47323	2018
47324	2018
47325	2018
47326	2018
47327	2018
47328	2018
47329	2018
47330	2018
47331	2018
47332	2018
47333	2018
47334	2018
47335	2018
47336	2018
47337	2018
47338	2018
47339	2018
47340	2018
47341	2018
47342	2018
47343	2018
47344	2018
47345	2018
47346	2018
47347	2018
47348	2018
47349	2018
47350	2018
47351	2018
47352	2018
47353	2018
47355	2018
47356	2018
47357	2018
47358	2018
47359	2018
47360	2018
47361	2018
47362	2018
47363	2018
47364	2018
47365	2018
47366	2018
47367	2018
47368	2018
47369	2018
47370	2018
47371	2018
47372	2018
47373	2018
47374	2018
47375	2018
47376	2018
47377	2018
47378	2018
47379	2018
47381	2018
47382	2018
47383	2018
47384	2018
47385	2018
47386	2018
47387	2018
47388	2018
47389	2018
47390	2018
47391	2018
47392	2018
47393	2018
47394	2018
47395	2018
47396	2018
47397	2018
47398	2018
47399	2018
47400	2018
47401	2018
47402	2018
47403	2018
47405	2018
47407	2018
47408	2018
47425	2018
47428	2018
47437	2018
47438	2018
47439	2018
47440	2018
47441	2018
47442	2018
47443	2018
47444	2018
47445	2018
47446	2018
47449	2018
47456	2018
47460	2018
47461	2018
47463	2018
47464	2018
47465	2018
47466	2018
47467	2018
47468	2018
47469	2018
47474	2018
47478	2018
47479	2018
47480	2018
47481	2018
47482	2018
47483	2018
47492	2018
47493	2018
47494	2018
47495	2018
47496	2018
47497	2018
47498	2018
47499	2018
47501	2018
47502	2018
47503	2018
47504	2018
47505	2018
47507	2018
47508	2018
47510	2018
47511	2018
47512	2018
47513	2018
47515	2018
47516	2018
47517	2018
47518	2018
47519	2018
47520	2018
47521	2018
47522	2018
47523	2018
47524	2018
47525	2018
47526	2018
47527	2018
47528	2018
47529	2018
47530	2018
47531	2018
47532	2018
47533	2018
47534	2018
47535	2018
47541	2018
47544	2018
47545	2018
47546	2018
47548	2018
47551	2018
47552	2018
47553	2018
47554	2018
47555	2018
47556	2018
47557	2018
47558	2018
47559	2018
47560	2018
47561	2018
47562	2018
47563	2018
47564	2018
47565	2018
47566	2018
47567	2018
47568	2018
47569	2018
47571	2018
47572	2018
47573	2018
47574	2018
47575	2018
47576	2018
47577	2018
47578	2018
47579	2018
47580	2018
47581	2018
47582	2018
47583	2018
47584	2018
47585	2018
47586	2018
47587	2018
47588	2018
47589	2018
47590	2018
47591	2018
47592	2018
47593	2018
47594	2018
47595	2018
47596	2018
47597	2018
47598	2018
47599	2018
47600	2018
47601	2018
47602	2018
47603	2018
47604	2018
47605	2018
47606	2018
47607	2018
47608	2018
47609	2018
47610	2018
47611	2018
47612	2018
47613	2018
47614	2018
47615	2018
47616	2018
47617	2018
47618	2018
47619	2018
47620	2018
47621	2018
47622	2018
47623	2018
47624	2018
47625	2018
47627	2018
47629	2018
47632	2018
47634	2018
47636	2018
47637	2018
47638	2018
47639	2018
47640	2018
47641	2018
47642	2018
47643	2018
47644	2018
47645	2018
47646	2018
47647	2018
47648	2018
47649	2018
47650	2018
47651	2018
47652	2018
47653	2018
47654	2018
47655	2018
47656	2018
47657	2018
47658	2018
47659	2018
47660	2018
47661	2018
47662	2018
47663	2018
47664	2018
47665	2018
47666	2018
47667	2018
47668	2018
47669	2018
47670	2018
47671	2018
47672	2018
47673	2018
47674	2018
47675	2018
47676	2018
47677	2018
47678	2018
47679	2018
47680	2018
47681	2018
47682	2018
47683	2018
47684	2018
47685	2018
47686	2018
47687	2018
47688	2018
47689	2018
47690	2018
47691	2018
47692	2018
47693	2018
47694	2018
47695	2018
47696	2018
47697	2018
47698	2018
47699	2018
47700	2018
47702	2018
47703	2018
47704	2018
47705	2018
47706	2018
47707	2018
47708	2018
47711	2018
47712	2018
47713	2018
47714	2018
47715	2018
47716	2018
47717	2018
47718	2018
47719	2018
47720	2018
47721	2018
47722	2018
47723	2018
47724	2018
47725	2018
47726	2018
47727	2018
47728	2018
47729	2018
47730	2018
47731	2018
47732	2018
47733	2018
47734	2018
47735	2018
47736	2018
47737	2018
47738	2018
47739	2018
47740	2018
47741	2018
47742	2018
47743	2018
47744	2018
47745	2018
47746	2018
47747	2018
47748	2018
47749	2018
47750	2018
47751	2018
47752	2018
47753	2018
47754	2018
47756	2018
47757	2018
47763	2018
47764	2018
47765	2018
47766	2018
47767	2018
47768	2018
47769	2018
47771	2018
47772	2018
47773	2018
47776	2018
47777	2018
47779	2018
47780	2018
47781	2018
47782	2018
47783	2018
47785	2018
47786	2018
47787	2018
47788	2018
47789	2018
47790	2018
47791	2018
47792	2018
47793	2018
47794	2018
47795	2018
47796	2018
47797	2018
47798	2018
47799	2018
47800	2018
47801	2018
47802	2018
47803	2018
47804	2018
47805	2018
47806	2018
47807	2018
47808	2018
47809	2018
47810	2018
47811	2018
47812	2018
47813	2018
47814	2018
47815	2018
47816	2018
47817	2018
47818	2018
47819	2018
47820	2018
47821	2018
47822	2018
47823	2018
47824	2018
47825	2018
47826	2018
47827	2018
47831	2018
47832	2018
47835	2018
47837	2018
47839	2018
47841	2018
47843	2018
47844	2018
47845	2018
47846	2018
47847	2018
47848	2018
47849	2018
47850	2018
47851	2018
47852	2018
47853	2018
47854	2018
47855	2018
47856	2018
47857	2018
47858	2018
47859	2018
47860	2018
47861	2018
47862	2018
47863	2018
47864	2018
47865	2018
47866	2018
47867	2018
47868	2018
47869	2018
47870	2018
47871	2018
47872	2018
47873	2018
47874	2018
47875	2018
47876	2018
47878	2018
47879	2018
47880	2018
47881	2018
47882	2018
47883	2018
47884	2018
47885	2018
47886	2018
47888	2018
47889	2018
47890	2018
47891	2018
47892	2018
47893	2018
47894	2018
47895	2018
47896	2018
47902	2018
47903	2018
47904	2018
47906	2018
47907	2018
47909	2018
47910	2018
47913	2018
47915	2018
47916	2018
47917	2018
47918	2018
47919	2018
47920	2018
47921	2018
47922	2018
47923	2018
47925	2018
47926	2018
47927	2018
47928	2018
47930	2018
47931	2018
47932	2018
47933	2018
47934	2018
47935	2018
47936	2018
47937	2018
47938	2018
47939	2018
47941	2018
47942	2018
47943	2018
47944	2018
47945	2018
47946	2018
47947	2018
47948	2018
47959	2018
47960	2018
47962	2018
47965	2018
47968	2018
47974	2018
47985	2018
47986	2018
47987	2018
47989	2018
47990	2018
47991	2018
47992	2018
47993	2018
47994	2018
47995	2018
47996	2018
47997	2018
47998	2018
47999	2018
48000	2018
48001	2018
48002	2018
48003	2018
48004	2018
48005	2018
48007	2018
48008	2018
48009	2018
48010	2018
48011	2018
48012	2018
48013	2018
48014	2018
48016	2018
48017	2018
48018	2018
48019	2018
48020	2018
48021	2018
48022	2018
48023	2018
48028	2018
48029	2018
48030	2018
48031	2018
48032	2018
48033	2018
48035	2018
48036	2018
48037	2018
48038	2018
48039	2018
48040	2018
48041	2018
48042	2018
48043	2018
48044	2018
48045	2018
48046	2018
48047	2018
48048	2018
48049	2018
48052	2018
48053	2018
48054	2018
48055	2018
48056	2018
48057	2018
48058	2018
48059	2018
48060	2018
48061	2018
48064	2018
48065	2018
48066	2018
48067	2018
48068	2018
48069	2018
48070	2018
48071	2018
48072	2018
48073	2018
48074	2018
48075	2018
48076	2018
48077	2018
48078	2018
48079	2018
48080	2018
48081	2018
48082	2018
48083	2018
48084	2018
48086	2018
48087	2018
48089	2018
48090	2018
48091	2018
48092	2018
48093	2018
48208	2018
48209	2018
48243	2018
48244	2018
